1 1 (0) 1 : 0.982 0.018
2 2 (0) 1 : 0.987 0.013
3 3 (0) 1 : 0.920 0.080
4 4 (0) 1 : 0.993 0.007
5 5 (0) 1 : 0.997 0.003
6 6 (0) 1 : 0.981 0.019
7 7 (0) 1 : 0.993 0.007
8 8 (0) 1 : 0.997 0.003
9 9 (0) 1 : 0.996 0.004
10 10 (0) 1 : 0.991 0.009
11 11 (0) 1 : 0.975 0.025
12 12 (0) 1 : 0.931 0.069
13 13 (0) 1 : 0.976 0.024
14 14 (0) 1 : 0.850 0.150
15 15 (0) 1 : 0.996 0.004
16 16 (0) 1 : 0.995 0.005
17 17 (0) 1 : 0.990 0.010
18 18 (0) 1 : 0.995 0.005
19 19 (0) 1 : 0.995 0.005
20 20 (0) 1 : 0.986 0.014
21 21 (0) 1 : 0.986 0.014
22 22 (0) 2 : 0.778 0.222
23 23 (0) 2 : 0.351 0.649
24 24 (0) 2 : 0.729 0.271
25 25 (0) 2 : 0.202 0.798
26 26 (0) 2 : 0.686 0.314
27 27 (0) 2 : 0.868 0.132
28 28 (0) 2 : 0.414 0.586
29 29 (0) 2 : 0.271 0.729
30 30 (0) 2 : 0.863 0.137
31 31 (0) 2 : 0.791 0.209
32 32 (0) 2 : 0.818 0.182
33 33 (0) 2 : 0.916 0.084
34 34 (0) 2 : 0.214 0.786
35 35 (0) 2 : 0.491 0.509
36 36 (0) 2 : 0.937 0.063
37 37 (0) 2 : 0.623 0.377
38 38 (0) 2 : 0.885 0.115
39 39 (0) 2 : 0.927 0.073
40 40 (0) 2 : 0.895 0.105
41 41 (0) 2 : 0.788 0.212
42 42 (0) 2 : 0.924 0.076
43 43 (0) 2 : 0.730 0.270
44 44 (0) 2 : 0.640 0.360
45 45 (0) 2 : 0.921 0.079
46 46 (0) 2 : 0.878 0.122
47 47 (0) 3 : 0.866 0.134
48 48 (0) 3 : 0.960 0.040
49 49 (0) 3 : 0.520 0.480
50 50 (0) 3 : 0.973 0.027
51 51 (0) 3 : 0.957 0.043
52 52 (0) 3 : 0.968 0.032
53 53 (0) 3 : 0.947 0.053
54 54 (0) 3 : 0.773 0.227
55 55 (0) 3 : 0.940 0.060
56 56 (0) 3 : 0.940 0.060
57 57 (0) 3 : 0.979 0.021
58 58 (0) 3 : 0.947 0.053
59 59 (0) 3 : 0.924 0.076
60 60 (0) 3 : 0.958 0.042
61 61 (0) 3 : 0.980 0.020
62 62 (0) 3 : 0.977 0.023
63 63 (0) 3 : 0.953 0.047
64 64 (0) 3 : 0.754 0.246
65 65 (0) 3 : 0.919 0.081
66 66 (0) 3 : 0.976 0.024
67 67 (0) 3 : 0.969 0.031
68 68 (0) 4 : 0.010 0.990
69 69 (0) 4 : 0.043 0.957
70 70 (0) 4 : 0.012 0.988
71 71 (0) 4 : 0.012 0.988
72 72 (0) 4 : 0.010 0.990
73 73 (0) 4 : 0.035 0.965
74 74 (0) 4 : 0.019 0.981
75 75 (0) 4 : 0.014 0.986
76 76 (0) 4 : 0.017 0.983
77 77 (0) 4 : 0.011 0.989
78 78 (0) 4 : 0.027 0.973
79 79 (0) 4 : 0.014 0.986
80 80 (0) 4 : 0.008 0.992
81 81 (0) 4 : 0.009 0.991
82 82 (0) 4 : 0.031 0.969
83 83 (0) 4 : 0.012 0.988
84 84 (0) 4 : 0.009 0.991
85 85 (0) 4 : 0.012 0.988
86 86 (0) 4 : 0.013 0.987
87 87 (0) 4 : 0.018 0.982
88 88 (0) 4 : 0.010 0.990
89 89 (0) 4 : 0.012 0.988
90 90 (0) 4 : 0.005 0.995
91 91 (0) 4 : 0.013 0.987
92 92 (0) 4 : 0.005 0.995
93 93 (0) 5 : 0.969 0.031
94 94 (0) 5 : 0.126 0.874
95 95 (0) 5 : 0.915 0.085
96 96 (0) 5 : 0.973 0.027
97 97 (0) 5 : 0.921 0.079
98 98 (0) 5 : 0.879 0.121
99 99 (0) 6 : 0.403 0.597
100 100 (0) 6 : 0.737 0.263
101 101 (0) 6 : 0.296 0.704
102 102 (0) 6 : 0.723 0.277
103 103 (0) 6 : 0.188 0.812
104 104 (0) 6 : 0.158 0.842
105 105 (0) 6 : 0.389 0.611
106 106 (0) 6 : 0.655 0.345
107 107 (0) 6 : 0.089 0.911
108 108 (0) 6 : 0.087 0.913
109 109 (0) 6 : 0.153 0.847
110 110 (0) 6 : 0.756 0.244
111 111 (0) 6 : 0.386 0.614
112 112 (0) 6 : 0.402 0.598
113 113 (0) 6 : 0.369 0.631
114 114 (0) 6 : 0.357 0.643
115 115 (0) 6 : 0.142 0.858
116 116 (0) 6 : 0.508 0.492
117 117 (0) 7 : 0.991 0.009
118 118 (0) 7 : 0.989 0.011
119 119 (0) 7 : 0.990 0.010
120 120 (0) 7 : 0.974 0.026
121 121 (0) 7 : 0.966 0.034
122 122 (0) 7 : 0.977 0.023
123 123 (0) 7 : 0.986 0.014
124 124 (0) 7 : 0.980 0.020
125 125 (0) 7 : 0.987 0.013
126 126 (0) 7 : 0.983 0.017
127 127 (0) 7 : 0.985 0.015
128 128 (0) 7 : 0.967 0.033
129 129 (0) 7 : 0.902 0.098
130 130 (0) 7 : 0.840 0.160
131 131 (0) 7 : 0.987 0.013
132 132 (0) 7 : 0.934 0.066
133 133 (0) 7 : 0.987 0.013
134 134 (0) 7 : 0.933 0.067
135 135 (0) 7 : 0.968 0.032
136 136 (0) 7 : 0.984 0.016
137 137 (0) 7 : 0.978 0.022
138 138 (0) 7 : 0.984 0.016
139 139 (0) 7 : 0.753 0.247
140 140 (0) 7 : 0.973 0.027
141 141 (0) 7 : 0.958 0.042
142 142 (0) 7 : 0.985 0.015
143 143 (0) 8 : 0.214 0.786
144 144 (0) 8 : 0.220 0.780
145 145 (0) 8 : 0.233 0.767
146 146 (0) 8 : 0.239 0.761
147 147 (0) 8 : 0.183 0.817
148 148 (0) 8 : 0.050 0.950
149 149 (0) 8 : 0.177 0.823
150 150 (0) 8 : 0.445 0.555
151 151 (0) 8 : 0.053 0.947
152 152 (0) 8 : 0.209 0.791
153 153 (0) 8 : 0.101 0.899
154 154 (0) 8 : 0.241 0.759
155 155 (0) 8 : 0.293 0.707
156 156 (0) 8 : 0.230 0.770
157 157 (0) 8 : 0.129 0.871
158 158 (0) 8 : 0.094 0.906
159 159 (0) 8 : 0.213 0.787
160 160 (0) 8 : 0.403 0.597
161 161 (0) 8 : 0.077 0.923
162 162 (0) 8 : 0.213 0.787
163 163 (0) 8 : 0.763 0.237
164 164 (0) 8 : 0.091 0.909
165 165 (0) 8 : 0.068 0.932
166 166 (0) 8 : 0.092 0.908
167 167 (0) 8 : 0.162 0.838
168 168 (0) 8 : 0.278 0.722
169 169 (0) 8 : 0.112 0.888
170 170 (0) 8 : 0.055 0.945
171 171 (0) 8 : 0.090 0.910
1 1 (0) 1 : 0.988 0.012
2 2 (0) 1 : 0.988 0.012
3 3 (0) 1 : 0.951 0.049
4 4 (0) 1 : 0.992 0.008
5 5 (0) 1 : 0.993 0.007
6 6 (0) 1 : 0.974 0.026
7 7 (0) 1 : 0.992 0.008
8 8 (0) 1 : 0.996 0.004
9 9 (0) 1 : 0.992 0.008
10 10 (0) 1 : 0.990 0.010
11 11 (0) 1 : 0.977 0.023
12 12 (0) 1 : 0.946 0.054
13 13 (0) 1 : 0.956 0.044
14 14 (0) 1 : 0.808 0.192
15 15 (0) 1 : 0.992 0.008
16 16 (0) 1 : 0.992 0.008
17 17 (0) 1 : 0.988 0.012
18 18 (0) 1 : 0.992 0.008
19 19 (0) 1 : 0.991 0.009
20 20 (0) 1 : 0.985 0.015
21 21 (0) 1 : 0.985 0.015
22 22 (0) 2 : 0.779 0.221
23 23 (0) 2 : 0.362 0.638
24 24 (0) 2 : 0.747 0.253
25 25 (0) 2 : 0.193 0.807
26 26 (0) 2 : 0.742 0.258
27 27 (0) 2 : 0.861 0.139
28 28 (0) 2 : 0.411 0.589
29 29 (0) 2 : 0.274 0.726
30 30 (0) 2 : 0.846 0.154
31 31 (0) 2 : 0.780 0.220
32 32 (0) 2 : 0.799 0.201
33 33 (0) 2 : 0.902 0.098
34 34 (0) 2 : 0.236 0.764
35 35 (0) 2 : 0.396 0.604
36 36 (0) 2 : 0.929 0.071
37 37 (0) 2 : 0.622 0.378
38 38 (0) 2 : 0.864 0.136
39 39 (0) 2 : 0.921 0.079
40 40 (0) 2 : 0.910 0.090
41 41 (0) 2 : 0.806 0.194
42 42 (0) 2 : 0.937 0.063
43 43 (0) 2 : 0.776 0.224
44 44 (0) 2 : 0.670 0.330
45 45 (0) 2 : 0.937 0.063
46 46 (0) 2 : 0.882 0.118
47 47 (0) 3 : 0.873 0.127
48 48 (0) 3 : 0.949 0.051
49 49 (0) 3 : 0.425 0.575
50 50 (0) 3 : 0.967 0.033
51 51 (0) 3 : 0.949 0.051
52 52 (0) 3 : 0.966 0.034
53 53 (0) 3 : 0.950 0.050
54 54 (0) 3 : 0.852 0.148
55 55 (0) 3 : 0.930 0.070
56 56 (0) 3 : 0.947 0.053
57 57 (0) 3 : 0.978 0.022
58 58 (0) 3 : 0.965 0.035
59 59 (0) 3 : 0.915 0.085
60 60 (0) 3 : 0.954 0.046
61 61 (0) 3 : 0.974 0.026
62 62 (0) 3 : 0.977 0.023
63 63 (0) 3 : 0.950 0.050
64 64 (0) 3 : 0.783 0.217
65 65 (0) 3 : 0.913 0.087
66 66 (0) 3 : 0.973 0.027
67 67 (0) 3 : 0.968 0.032
68 68 (0) 4 : 0.011 0.989
69 69 (0) 4 : 0.082 0.918
70 70 (0) 4 : 0.011 0.989
71 71 (0) 4 : 0.012 0.988
72 72 (0) 4 : 0.016 0.984
73 73 (0) 4 : 0.048 0.952
74 74 (0) 4 : 0.026 0.974
75 75 (0) 4 : 0.022 0.978
76 76 (0) 4 : 0.018 0.982
77 77 (0) 4 : 0.010 0.990
78 78 (0) 4 : 0.032 0.968
79 79 (0) 4 : 0.022 0.978
80 80 (0) 4 : 0.014 0.986
81 81 (0) 4 : 0.009 0.991
82 82 (0) 4 : 0.026 0.974
83 83 (0) 4 : 0.015 0.985
84 84 (0) 4 : 0.016 0.984
85 85 (0) 4 : 0.012 0.988
86 86 (0) 4 : 0.015 0.985
87 87 (0) 4 : 0.022 0.978
88 88 (0) 4 : 0.014 0.986
89 89 (0) 4 : 0.015 0.985
90 90 (0) 4 : 0.012 0.988
91 91 (0) 4 : 0.018 0.982
92 92 (0) 4 : 0.008 0.992
93 93 (0) 5 : 0.942 0.058
94 94 (0) 5 : 0.338 0.662
95 95 (0) 5 : 0.882 0.118
96 96 (0) 5 : 0.940 0.060
97 97 (0) 5 : 0.890 0.110
98 98 (0) 5 : 0.861 0.139
99 99 (0) 6 : 0.504 0.496
100 100 (0) 6 : 0.753 0.247
101 101 (0) 6 : 0.450 0.550
102 102 (0) 6 : 0.705 0.295
103 103 (0) 6 : 0.285 0.715
104 104 (0) 6 : 0.210 0.790
105 105 (0) 6 : 0.523 0.477
106 106 (0) 6 : 0.664 0.336
107 107 (0) 6 : 0.131 0.869
108 108 (0) 6 : 0.114 0.886
109 109 (0) 6 : 0.247 0.753
110 110 (0) 6 : 0.744 0.256
111 111 (0) 6 : 0.410 0.590
112 112 (0) 6 : 0.494 0.506
113 113 (0) 6 : 0.440 0.560
114 114 (0) 6 : 0.457 0.543
115 115 (0) 6 : 0.221 0.779
116 116 (0) 6 : 0.566 0.434
117 117 (0) 7 : 0.981 0.019
118 118 (0) 7 : 0.978 0.022
119 119 (0) 7 : 0.981 0.019
120 120 (0) 7 : 0.960 0.040
121 121 (0) 7 : 0.946 0.054
122 122 (0) 7 : 0.958 0.042
123 123 (0) 7 : 0.974 0.026
124 124 (0) 7 : 0.968 0.032
125 125 (0) 7 : 0.978 0.022
126 126 (0) 7 : 0.974 0.026
127 127 (0) 7 : 0.975 0.025
128 128 (0) 7 : 0.949 0.051
129 129 (0) 7 : 0.924 0.076
130 130 (0) 7 : 0.855 0.145
131 131 (0) 7 : 0.979 0.021
132 132 (0) 7 : 0.902 0.098
133 133 (0) 7 : 0.977 0.023
134 134 (0) 7 : 0.933 0.067
135 135 (0) 7 : 0.948 0.052
136 136 (0) 7 : 0.976 0.024
137 137 (0) 7 : 0.970 0.030
138 138 (0) 7 : 0.972 0.028
139 139 (0) 7 : 0.757 0.243
140 140 (0) 7 : 0.960 0.040
141 141 (0) 7 : 0.952 0.048
142 142 (0) 7 : 0.976 0.024
143 143 (0) 8 : 0.364 0.636
144 144 (0) 8 : 0.333 0.667
145 145 (0) 8 : 0.357 0.643
146 146 (0) 8 : 0.356 0.644
147 147 (0) 8 : 0.313 0.687
148 148 (0) 8 : 0.131 0.869
149 149 (0) 8 : 0.308 0.692
150 150 (0) 8 : 0.491 0.509
151 151 (0) 8 : 0.138 0.862
152 152 (0) 8 : 0.339 0.661
153 153 (0) 8 : 0.245 0.755
154 154 (0) 8 : 0.349 0.651
155 155 (0) 8 : 0.412 0.588
156 156 (0) 8 : 0.346 0.654
157 157 (0) 8 : 0.242 0.758
158 158 (0) 8 : 0.206 0.794
159 159 (0) 8 : 0.354 0.646
160 160 (0) 8 : 0.451 0.549
161 161 (0) 8 : 0.146 0.854
162 162 (0) 8 : 0.310 0.690
163 163 (0) 8 : 0.713 0.287
164 164 (0) 8 : 0.220 0.780
165 165 (0) 8 : 0.148 0.852
166 166 (0) 8 : 0.201 0.799
167 167 (0) 8 : 0.312 0.688
168 168 (0) 8 : 0.425 0.575
169 169 (0) 8 : 0.223 0.777
170 170 (0) 8 : 0.142 0.858
171 171 (0) 8 : 0.180 0.820
1 1 (0) 1 : 0.975 0.025
2 2 (0) 1 : 0.978 0.022
3 3 (0) 1 : 0.953 0.047
4 4 (0) 1 : 0.988 0.012
5 5 (0) 1 : 0.992 0.008
6 6 (0) 1 : 0.972 0.028
7 7 (0) 1 : 0.990 0.010
8 8 (0) 1 : 0.994 0.006
9 9 (0) 1 : 0.992 0.008
10 10 (0) 1 : 0.981 0.019
11 11 (0) 1 : 0.982 0.018
12 12 (0) 1 : 0.968 0.032
13 13 (0) 1 : 0.952 0.048
14 14 (0) 1 : 0.871 0.129
15 15 (0) 1 : 0.986 0.014
16 16 (0) 1 : 0.992 0.008
17 17 (0) 1 : 0.982 0.018
18 18 (0) 1 : 0.986 0.014
19 19 (0) 1 : 0.989 0.011
20 20 (0) 1 : 0.978 0.022
21 21 (0) 1 : 0.980 0.020
22 22 (0) 2 : 0.794 0.206
23 23 (0) 2 : 0.281 0.719
24 24 (0) 2 : 0.817 0.183
25 25 (0) 2 : 0.120 0.880
26 26 (0) 2 : 0.663 0.337
27 27 (0) 2 : 0.883 0.117
28 28 (0) 2 : 0.319 0.681
29 29 (0) 2 : 0.284 0.716
30 30 (0) 2 : 0.871 0.129
31 31 (0) 2 : 0.815 0.185
32 32 (0) 2 : 0.817 0.183
33 33 (0) 2 : 0.935 0.065
34 34 (0) 2 : 0.177 0.823
35 35 (0) 2 : 0.360 0.640
36 36 (0) 2 : 0.936 0.064
37 37 (0) 2 : 0.530 0.470
38 38 (0) 2 : 0.899 0.101
39 39 (0) 2 : 0.925 0.075
40 40 (0) 2 : 0.918 0.082
41 41 (0) 2 : 0.824 0.176
42 42 (0) 2 : 0.944 0.056
43 43 (0) 2 : 0.777 0.223
44 44 (0) 2 : 0.628 0.372
45 45 (0) 2 : 0.929 0.071
46 46 (0) 2 : 0.899 0.101
47 47 (0) 3 : 0.910 0.090
48 48 (0) 3 : 0.969 0.031
49 49 (0) 3 : 0.501 0.499
50 50 (0) 3 : 0.976 0.024
51 51 (0) 3 : 0.980 0.020
52 52 (0) 3 : 0.978 0.022
53 53 (0) 3 : 0.972 0.028
54 54 (0) 3 : 0.875 0.125
55 55 (0) 3 : 0.948 0.052
56 56 (0) 3 : 0.949 0.051
57 57 (0) 3 : 0.984 0.016
58 58 (0) 3 : 0.962 0.038
59 59 (0) 3 : 0.942 0.058
60 60 (0) 3 : 0.967 0.033
61 61 (0) 3 : 0.983 0.017
62 62 (0) 3 : 0.981 0.019
63 63 (0) 3 : 0.965 0.035
64 64 (0) 3 : 0.833 0.167
65 65 (0) 3 : 0.944 0.056
66 66 (0) 3 : 0.982 0.018
67 67 (0) 3 : 0.977 0.023
68 68 (0) 4 : 0.004 0.996
69 69 (0) 4 : 0.035 0.965
70 70 (0) 4 : 0.004 0.996
71 71 (0) 4 : 0.004 0.996
72 72 (0) 4 : 0.004 0.996
73 73 (0) 4 : 0.050 0.950
74 74 (0) 4 : 0.012 0.988
75 75 (0) 4 : 0.015 0.985
76 76 (0) 4 : 0.009 0.991
77 77 (0) 4 : 0.003 0.997
78 78 (0) 4 : 0.014 0.986
79 79 (0) 4 : 0.005 0.995
80 80 (0) 4 : 0.006 0.994
81 81 (0) 4 : 0.002 0.998
82 82 (0) 4 : 0.009 0.991
83 83 (0) 4 : 0.005 0.995
84 84 (0) 4 : 0.005 0.995
85 85 (0) 4 : 0.004 0.996
86 86 (0) 4 : 0.005 0.995
87 87 (0) 4 : 0.007 0.993
88 88 (0) 4 : 0.006 0.994
89 89 (0) 4 : 0.004 0.996
90 90 (0) 4 : 0.002 0.998
91 91 (0) 4 : 0.006 0.994
92 92 (0) 4 : 0.002 0.998
93 93 (0) 5 : 0.977 0.023
94 94 (0) 5 : 0.481 0.519
95 95 (0) 5 : 0.945 0.055
96 96 (0) 5 : 0.980 0.020
97 97 (0) 5 : 0.943 0.057
98 98 (0) 5 : 0.929 0.071
99 99 (0) 6 : 0.545 0.455
100 100 (0) 6 : 0.866 0.134
101 101 (0) 6 : 0.545 0.455
102 102 (0) 6 : 0.802 0.198
103 103 (0) 6 : 0.420 0.580
104 104 (0) 6 : 0.322 0.678
105 105 (0) 6 : 0.632 0.368
106 106 (0) 6 : 0.797 0.203
107 107 (0) 6 : 0.267 0.733
108 108 (0) 6 : 0.222 0.778
109 109 (0) 6 : 0.357 0.643
110 110 (0) 6 : 0.872 0.128
111 111 (0) 6 : 0.494 0.506
112 112 (0) 6 : 0.638 0.362
113 113 (0) 6 : 0.530 0.470
114 114 (0) 6 : 0.638 0.362
115 115 (0) 6 : 0.316 0.684
116 116 (0) 6 : 0.659 0.341
117 117 (0) 7 : 0.989 0.011
118 118 (0) 7 : 0.988 0.012
119 119 (0) 7 : 0.989 0.011
120 120 (0) 7 : 0.970 0.030
121 121 (0) 7 : 0.949 0.051
122 122 (0) 7 : 0.973 0.027
123 123 (0) 7 : 0.985 0.015
124 124 (0) 7 : 0.973 0.027
125 125 (0) 7 : 0.984 0.016
126 126 (0) 7 : 0.978 0.022
127 127 (0) 7 : 0.979 0.021
128 128 (0) 7 : 0.962 0.038
129 129 (0) 7 : 0.881 0.119
130 130 (0) 7 : 0.729 0.271
131 131 (0) 7 : 0.982 0.018
132 132 (0) 7 : 0.895 0.105
133 133 (0) 7 : 0.981 0.019
134 134 (0) 7 : 0.924 0.076
135 135 (0) 7 : 0.949 0.051
136 136 (0) 7 : 0.981 0.019
137 137 (0) 7 : 0.977 0.023
138 138 (0) 7 : 0.981 0.019
139 139 (0) 7 : 0.567 0.433
140 140 (0) 7 : 0.960 0.040
141 141 (0) 7 : 0.949 0.051
142 142 (0) 7 : 0.977 0.023
143 143 (0) 8 : 0.327 0.673
144 144 (0) 8 : 0.255 0.745
145 145 (0) 8 : 0.306 0.694
146 146 (0) 8 : 0.313 0.687
147 147 (0) 8 : 0.270 0.730
148 148 (0) 8 : 0.075 0.925
149 149 (0) 8 : 0.268 0.732
150 150 (0) 8 : 0.443 0.557
151 151 (0) 8 : 0.104 0.896
152 152 (0) 8 : 0.268 0.732
153 153 (0) 8 : 0.243 0.757
154 154 (0) 8 : 0.270 0.730
155 155 (0) 8 : 0.366 0.634
156 156 (0) 8 : 0.263 0.737
157 157 (0) 8 : 0.201 0.799
158 158 (0) 8 : 0.198 0.802
159 159 (0) 8 : 0.366 0.634
160 160 (0) 8 : 0.456 0.544
161 161 (0) 8 : 0.125 0.875
162 162 (0) 8 : 0.263 0.737
163 163 (0) 8 : 0.773 0.227
164 164 (0) 8 : 0.161 0.839
165 165 (0) 8 : 0.108 0.892
166 166 (0) 8 : 0.164 0.836
167 167 (0) 8 : 0.253 0.747
168 168 (0) 8 : 0.402 0.598
169 169 (0) 8 : 0.188 0.812
170 170 (0) 8 : 0.097 0.903
171 171 (0) 8 : 0.109 0.891
1 1 (0) 1 : 0.019 0.981
2 2 (0) 1 : 0.021 0.979
3 3 (0) 1 : 0.099 0.901
4 4 (0) 1 : 0.007 0.993
5 5 (0) 1 : 0.005 0.995
6 6 (0) 1 : 0.018 0.982
7 7 (0) 1 : 0.006 0.994
8 8 (0) 1 : 0.004 0.996
9 9 (0) 1 : 0.009 0.991
10 10 (0) 1 : 0.010 0.990
11 11 (0) 1 : 0.019 0.981
12 12 (0) 1 : 0.046 0.954
13 13 (0) 1 : 0.032 0.968
14 14 (0) 1 : 0.157 0.843
15 15 (0) 1 : 0.010 0.990
16 16 (0) 1 : 0.011 0.989
17 17 (0) 1 : 0.012 0.988
18 18 (0) 1 : 0.007 0.993
19 19 (0) 1 : 0.007 0.993
20 20 (0) 1 : 0.017 0.983
21 21 (0) 1 : 0.019 0.981
22 22 (0) 2 : 0.192 0.808
23 23 (0) 2 : 0.708 0.292
24 24 (0) 2 : 0.188 0.812
25 25 (0) 2 : 0.862 0.138
26 26 (0) 2 : 0.251 0.749
27 27 (0) 2 : 0.105 0.895
28 28 (0) 2 : 0.619 0.381
29 29 (0) 2 : 0.741 0.259
30 30 (0) 2 : 0.125 0.875
31 31 (0) 2 : 0.151 0.849
32 32 (0) 2 : 0.142 0.858
33 33 (0) 2 : 0.076 0.924
34 34 (0) 2 : 0.816 0.184
35 35 (0) 2 : 0.620 0.380
36 36 (0) 2 : 0.051 0.949
37 37 (0) 2 : 0.352 0.648
38 38 (0) 2 : 0.096 0.904
39 39 (0) 2 : 0.061 0.939
40 40 (0) 2 : 0.074 0.926
41 41 (0) 2 : 0.161 0.839
42 42 (0) 2 : 0.050 0.950
43 43 (0) 2 : 0.203 0.797
44 44 (0) 2 : 0.309 0.691
45 45 (0) 2 : 0.048 0.952
46 46 (0) 2 : 0.086 0.914
47 47 (0) 3 : 0.125 0.875
48 48 (0) 3 : 0.054 0.946
49 49 (0) 3 : 0.402 0.598
50 50 (0) 3 : 0.039 0.961
51 51 (0) 3 : 0.049 0.951
52 52 (0) 3 : 0.035 0.965
53 53 (0) 3 : 0.054 0.946
54 54 (0) 3 : 0.152 0.848
55 55 (0) 3 : 0.062 0.938
56 56 (0) 3 : 0.055 0.945
57 57 (0) 3 : 0.025 0.975
58 58 (0) 3 : 0.047 0.953
59 59 (0) 3 : 0.091 0.909
60 60 (0) 3 : 0.052 0.948
61 61 (0) 3 : 0.030 0.970
62 62 (0) 3 : 0.029 0.971
63 63 (0) 3 : 0.050 0.950
64 64 (0) 3 : 0.262 0.738
65 65 (0) 3 : 0.085 0.915
66 66 (0) 3 : 0.031 0.969
67 67 (0) 3 : 0.039 0.961
68 68 (0) 4 : 0.987 0.013
69 69 (0) 4 : 0.924 0.076
70 70 (0) 4 : 0.982 0.018
71 71 (0) 4 : 0.985 0.015
72 72 (0) 4 : 0.983 0.017
73 73 (0) 4 : 0.929 0.071
74 74 (0) 4 : 0.975 0.025
75 75 (0) 4 : 0.977 0.023
76 76 (0) 4 : 0.973 0.027
77 77 (0) 4 : 0.983 0.017
78 78 (0) 4 : 0.956 0.044
79 79 (0) 4 : 0.979 0.021
80 80 (0) 4 : 0.983 0.017
81 81 (0) 4 : 0.991 0.009
82 82 (0) 4 : 0.974 0.026
83 83 (0) 4 : 0.989 0.011
84 84 (0) 4 : 0.988 0.012
85 85 (0) 4 : 0.988 0.012
86 86 (0) 4 : 0.982 0.018
87 87 (0) 4 : 0.973 0.027
88 88 (0) 4 : 0.982 0.018
89 89 (0) 4 : 0.988 0.012
90 90 (0) 4 : 0.989 0.011
91 91 (0) 4 : 0.980 0.020
92 92 (0) 4 : 0.992 0.008
93 93 (0) 5 : 0.024 0.976
94 94 (0) 5 : 0.712 0.288
95 95 (0) 5 : 0.068 0.932
96 96 (0) 5 : 0.028 0.972
97 97 (0) 5 : 0.076 0.924
98 98 (0) 5 : 0.090 0.910
99 99 (0) 6 : 0.445 0.555
100 100 (0) 6 : 0.197 0.803
101 101 (0) 6 : 0.542 0.458
102 102 (0) 6 : 0.241 0.759
103 103 (0) 6 : 0.722 0.278
104 104 (0) 6 : 0.795 0.205
105 105 (0) 6 : 0.434 0.566
106 106 (0) 6 : 0.287 0.713
107 107 (0) 6 : 0.875 0.125
108 108 (0) 6 : 0.886 0.114
109 109 (0) 6 : 0.753 0.247
110 110 (0) 6 : 0.192 0.808
111 111 (0) 6 : 0.551 0.449
112 112 (0) 6 : 0.465 0.535
113 113 (0) 6 : 0.530 0.470
114 114 (0) 6 : 0.482 0.518
115 115 (0) 6 : 0.787 0.213
116 116 (0) 6 : 0.367 0.633
117 117 (0) 7 : 0.018 0.982
118 118 (0) 7 : 0.021 0.979
119 119 (0) 7 : 0.020 0.980
120 120 (0) 7 : 0.048 0.952
121 121 (0) 7 : 0.056 0.944
122 122 (0) 7 : 0.047 0.953
123 123 (0) 7 : 0.030 0.970
124 124 (0) 7 : 0.035 0.965
125 125 (0) 7 : 0.025 0.975
126 126 (0) 7 : 0.029 0.971
127 127 (0) 7 : 0.026 0.974
128 128 (0) 7 : 0.058 0.942
129 129 (0) 7 : 0.082 0.918
130 130 (0) 7 : 0.197 0.803
131 131 (0) 7 : 0.024 0.976
132 132 (0) 7 : 0.099 0.901
133 133 (0) 7 : 0.027 0.973
134 134 (0) 7 : 0.076 0.924
135 135 (0) 7 : 0.064 0.936
136 136 (0) 7 : 0.027 0.973
137 137 (0) 7 : 0.032 0.968
138 138 (0) 7 : 0.029 0.971
139 139 (0) 7 : 0.311 0.689
140 140 (0) 7 : 0.047 0.953
141 141 (0) 7 : 0.064 0.936
142 142 (0) 7 : 0.034 0.966
143 143 (0) 8 : 0.650 0.350
144 144 (0) 8 : 0.682 0.318
145 145 (0) 8 : 0.678 0.322
146 146 (0) 8 : 0.675 0.325
147 147 (0) 8 : 0.711 0.289
148 148 (0) 8 : 0.859 0.141
149 149 (0) 8 : 0.719 0.281
150 150 (0) 8 : 0.531 0.469
151 151 (0) 8 : 0.852 0.148
152 152 (0) 8 : 0.673 0.327
153 153 (0) 8 : 0.759 0.241
154 154 (0) 8 : 0.666 0.334
155 155 (0) 8 : 0.631 0.369
156 156 (0) 8 : 0.699 0.301
157 157 (0) 8 : 0.773 0.227
158 158 (0) 8 : 0.774 0.226
159 159 (0) 8 : 0.683 0.317
160 160 (0) 8 : 0.559 0.441
161 161 (0) 8 : 0.837 0.163
162 162 (0) 8 : 0.689 0.311
163 163 (0) 8 : 0.302 0.698
164 164 (0) 8 : 0.793 0.207
165 165 (0) 8 : 0.837 0.163
166 166 (0) 8 : 0.790 0.210
167 167 (0) 8 : 0.721 0.279
168 168 (0) 8 : 0.618 0.382
169 169 (0) 8 : 0.770 0.230
170 170 (0) 8 : 0.843 0.157
171 171 (0) 8 : 0.818 0.182
1 1 (0) 1 : 0.986 0.014
2 2 (0) 1 : 0.987 0.013
3 3 (0) 1 : 0.964 0.036
4 4 (0) 1 : 0.992 0.008
5 5 (0) 1 : 0.994 0.006
6 6 (0) 1 : 0.981 0.019
7 7 (0) 1 : 0.993 0.007
8 8 (0) 1 : 0.996 0.004
9 9 (0) 1 : 0.994 0.006
10 10 (0) 1 : 0.991 0.009
11 11 (0) 1 : 0.985 0.015
12 12 (0) 1 : 0.945 0.055
13 13 (0) 1 : 0.975 0.025
14 14 (0) 1 : 0.885 0.115
15 15 (0) 1 : 0.995 0.005
16 16 (0) 1 : 0.994 0.006
17 17 (0) 1 : 0.985 0.015
18 18 (0) 1 : 0.988 0.012
19 19 (0) 1 : 0.993 0.007
20 20 (0) 1 : 0.980 0.020
21 21 (0) 1 : 0.989 0.011
22 22 (0) 2 : 0.843 0.157
23 23 (0) 2 : 0.335 0.665
24 24 (0) 2 : 0.917 0.083
25 25 (0) 2 : 0.075 0.925
26 26 (0) 2 : 0.724 0.276
27 27 (0) 2 : 0.925 0.075
28 28 (0) 2 : 0.323 0.677
29 29 (0) 2 : 0.258 0.742
30 30 (0) 2 : 0.927 0.073
31 31 (0) 2 : 0.882 0.118
32 32 (0) 2 : 0.898 0.102
33 33 (0) 2 : 0.969 0.031
34 34 (0) 2 : 0.209 0.791
35 35 (0) 2 : 0.407 0.593
36 36 (0) 2 : 0.973 0.027
37 37 (0) 2 : 0.606 0.394
38 38 (0) 2 : 0.938 0.062
39 39 (0) 2 : 0.966 0.034
40 40 (0) 2 : 0.958 0.042
41 41 (0) 2 : 0.865 0.135
42 42 (0) 2 : 0.979 0.021
43 43 (0) 2 : 0.823 0.177
44 44 (0) 2 : 0.667 0.333
45 45 (0) 2 : 0.979 0.021
46 46 (0) 2 : 0.946 0.054
47 47 (0) 3 : 0.989 0.011
48 48 (0) 3 : 0.996 0.004
49 49 (0) 3 : 0.780 0.220
50 50 (0) 3 : 0.999 0.001
51 51 (0) 3 : 1.000 0.000
52 52 (0) 3 : 1.000 0.000
53 53 (0) 3 : 0.999 0.001
54 54 (0) 3 : 0.992 0.008
55 55 (0) 3 : 0.999 0.001
56 56 (0) 3 : 0.999 0.001
57 57 (0) 3 : 0.999 0.001
58 58 (0) 3 : 0.999 0.001
59 59 (0) 3 : 0.997 0.003
60 60 (0) 3 : 0.999 0.001
61 61 (0) 3 : 0.999 0.001
62 62 (0) 3 : 1.000 0.000
63 63 (0) 3 : 0.998 0.002
64 64 (0) 3 : 0.973 0.027
65 65 (0) 3 : 0.998 0.002
66 66 (0) 3 : 1.000 0.000
67 67 (0) 3 : 0.999 0.001
68 68 (0) 4 : 0.007 0.993
69 69 (0) 4 : 0.054 0.946
70 70 (0) 4 : 0.011 0.989
71 71 (0) 4 : 0.009 0.991
72 72 (0) 4 : 0.013 0.987
73 73 (0) 4 : 0.055 0.945
74 74 (0) 4 : 0.014 0.986
75 75 (0) 4 : 0.017 0.983
76 76 (0) 4 : 0.018 0.982
77 77 (0) 4 : 0.007 0.993
78 78 (0) 4 : 0.029 0.971
79 79 (0) 4 : 0.015 0.985
80 80 (0) 4 : 0.014 0.986
81 81 (0) 4 : 0.007 0.993
82 82 (0) 4 : 0.024 0.976
83 83 (0) 4 : 0.011 0.989
84 84 (0) 4 : 0.009 0.991
85 85 (0) 4 : 0.010 0.990
86 86 (0) 4 : 0.013 0.987
87 87 (0) 4 : 0.019 0.981
88 88 (0) 4 : 0.009 0.991
89 89 (0) 4 : 0.007 0.993
90 90 (0) 4 : 0.007 0.993
91 91 (0) 4 : 0.010 0.990
92 92 (0) 4 : 0.006 0.994
93 93 (0) 5 : 0.991 0.009
94 94 (0) 5 : 0.560 0.440
95 95 (0) 5 : 0.985 0.015
96 96 (0) 5 : 0.989 0.011
97 97 (0) 5 : 0.971 0.029
98 98 (0) 5 : 0.965 0.035
99 99 (0) 6 : 0.639 0.361
100 100 (0) 6 : 0.895 0.105
101 101 (0) 6 : 0.595 0.405
102 102 (0) 6 : 0.904 0.096
103 103 (0) 6 : 0.489 0.511
104 104 (0) 6 : 0.257 0.743
105 105 (0) 6 : 0.693 0.307
106 106 (0) 6 : 0.856 0.144
107 107 (0) 6 : 0.213 0.787
108 108 (0) 6 : 0.149 0.851
109 109 (0) 6 : 0.334 0.666
110 110 (0) 6 : 0.932 0.068
111 111 (0) 6 : 0.582 0.418
112 112 (0) 6 : 0.722 0.278
113 113 (0) 6 : 0.528 0.472
114 114 (0) 6 : 0.644 0.356
115 115 (0) 6 : 0.286 0.714
116 116 (0) 6 : 0.720 0.280
117 117 (0) 7 : 0.992 0.008
118 118 (0) 7 : 0.991 0.009
119 119 (0) 7 : 0.994 0.006
120 120 (0) 7 : 0.981 0.019
121 121 (0) 7 : 0.968 0.032
122 122 (0) 7 : 0.985 0.015
123 123 (0) 7 : 0.986 0.014
124 124 (0) 7 : 0.984 0.016
125 125 (0) 7 : 0.992 0.008
126 126 (0) 7 : 0.991 0.009
127 127 (0) 7 : 0.989 0.011
128 128 (0) 7 : 0.975 0.025
129 129 (0) 7 : 0.932 0.068
130 130 (0) 7 : 0.839 0.161
131 131 (0) 7 : 0.991 0.009
132 132 (0) 7 : 0.945 0.055
133 133 (0) 7 : 0.990 0.010
134 134 (0) 7 : 0.933 0.067
135 135 (0) 7 : 0.967 0.033
136 136 (0) 7 : 0.990 0.010
137 137 (0) 7 : 0.990 0.010
138 138 (0) 7 : 0.990 0.010
139 139 (0) 7 : 0.718 0.282
140 140 (0) 7 : 0.979 0.021
141 141 (0) 7 : 0.957 0.043
142 142 (0) 7 : 0.981 0.019
143 143 (0) 8 : 0.265 0.735
144 144 (0) 8 : 0.195 0.805
145 145 (0) 8 : 0.263 0.737
146 146 (0) 8 : 0.259 0.741
147 147 (0) 8 : 0.181 0.819
148 148 (0) 8 : 0.029 0.971
149 149 (0) 8 : 0.202 0.798
150 150 (0) 8 : 0.471 0.529
151 151 (0) 8 : 0.037 0.963
152 152 (0) 8 : 0.211 0.789
153 153 (0) 8 : 0.189 0.811
154 154 (0) 8 : 0.248 0.752
155 155 (0) 8 : 0.343 0.657
156 156 (0) 8 : 0.184 0.816
157 157 (0) 8 : 0.127 0.873
158 158 (0) 8 : 0.097 0.903
159 159 (0) 8 : 0.354 0.646
160 160 (0) 8 : 0.508 0.492
161 161 (0) 8 : 0.045 0.955
162 162 (0) 8 : 0.271 0.729
163 163 (0) 8 : 0.887 0.113
164 164 (0) 8 : 0.092 0.908
165 165 (0) 8 : 0.045 0.955
166 166 (0) 8 : 0.074 0.926
167 167 (0) 8 : 0.226 0.774
168 168 (0) 8 : 0.413 0.587
169 169 (0) 8 : 0.112 0.888
170 170 (0) 8 : 0.041 0.959
171 171 (0) 8 : 0.057 0.943
1 1 (0) 1 : 0.012 0.988
2 2 (0) 1 : 0.013 0.987
3 3 (0) 1 : 0.025 0.975
4 4 (0) 1 : 0.008 0.992
5 5 (0) 1 : 0.008 0.992
6 6 (0) 1 : 0.016 0.984
7 7 (0) 1 : 0.007 0.993
8 8 (0) 1 : 0.006 0.994
9 9 (0) 1 : 0.008 0.992
10 10 (0) 1 : 0.009 0.991
11 11 (0) 1 : 0.011 0.989
12 12 (0) 1 : 0.020 0.980
13 13 (0) 1 : 0.018 0.982
14 14 (0) 1 : 0.036 0.964
15 15 (0) 1 : 0.009 0.991
16 16 (0) 1 : 0.008 0.992
17 17 (0) 1 : 0.010 0.990
18 18 (0) 1 : 0.009 0.991
19 19 (0) 1 : 0.008 0.992
20 20 (0) 1 : 0.013 0.987
21 21 (0) 1 : 0.012 0.988
22 22 (0) 2 : 0.249 0.751
23 23 (0) 2 : 0.719 0.281
24 24 (0) 2 : 0.242 0.758
25 25 (0) 2 : 0.869 0.131
26 26 (0) 2 : 0.331 0.669
27 27 (0) 2 : 0.156 0.844
28 28 (0) 2 : 0.647 0.353
29 29 (0) 2 : 0.784 0.216
30 30 (0) 2 : 0.153 0.847
31 31 (0) 2 : 0.231 0.769
32 32 (0) 2 : 0.200 0.800
33 33 (0) 2 : 0.094 0.906
34 34 (0) 2 : 0.812 0.188
35 35 (0) 2 : 0.529 0.471
36 36 (0) 2 : 0.067 0.933
37 37 (0) 2 : 0.428 0.572
38 38 (0) 2 : 0.114 0.886
39 39 (0) 2 : 0.077 0.923
40 40 (0) 2 : 0.118 0.882
41 41 (0) 2 : 0.225 0.775
42 42 (0) 2 : 0.073 0.927
43 43 (0) 2 : 0.276 0.724
44 44 (0) 2 : 0.395 0.605
45 45 (0) 2 : 0.081 0.919
46 46 (0) 2 : 0.142 0.858
47 47 (0) 3 : 0.088 0.912
48 48 (0) 3 : 0.038 0.962
49 49 (0) 3 : 0.394 0.606
50 50 (0) 3 : 0.022 0.978
51 51 (0) 3 : 0.025 0.975
52 52 (0) 3 : 0.023 0.977
53 53 (0) 3 : 0.043 0.957
54 54 (0) 3 : 0.135 0.865
55 55 (0) 3 : 0.043 0.957
56 56 (0) 3 : 0.047 0.953
57 57 (0) 3 : 0.014 0.986
58 58 (0) 3 : 0.027 0.973
59 59 (0) 3 : 0.046 0.954
60 60 (0) 3 : 0.037 0.963
61 61 (0) 3 : 0.019 0.981
62 62 (0) 3 : 0.019 0.981
63 63 (0) 3 : 0.042 0.958
64 64 (0) 3 : 0.189 0.811
65 65 (0) 3 : 0.060 0.940
66 66 (0) 3 : 0.017 0.983
67 67 (0) 3 : 0.025 0.975
68 68 (0) 4 : 0.999 0.001
69 69 (0) 4 : 0.995 0.005
70 70 (0) 4 : 0.999 0.001
71 71 (0) 4 : 0.998 0.002
72 72 (0) 4 : 0.998 0.002
73 73 (0) 4 : 0.992 0.008
74 74 (0) 4 : 0.999 0.001
75 75 (0) 4 : 0.999 0.001
76 76 (0) 4 : 0.999 0.001
77 77 (0) 4 : 0.999 0.001
78 78 (0) 4 : 0.999 0.001
79 79 (0) 4 : 0.999 0.001
80 80 (0) 4 : 0.999 0.001
81 81 (0) 4 : 1.000 0.000
82 82 (0) 4 : 0.999 0.001
83 83 (0) 4 : 1.000 0.000
84 84 (0) 4 : 0.999 0.001
85 85 (0) 4 : 0.997 0.003
86 86 (0) 4 : 0.999 0.001
87 87 (0) 4 : 0.998 0.002
88 88 (0) 4 : 1.000 0.000
89 89 (0) 4 : 0.999 0.001
90 90 (0) 4 : 1.000 0.000
91 91 (0) 4 : 0.998 0.002
92 92 (0) 4 : 1.000 0.000
93 93 (0) 5 : 0.035 0.965
94 94 (0) 5 : 0.537 0.463
95 95 (0) 5 : 0.073 0.927
96 96 (0) 5 : 0.036 0.964
97 97 (0) 5 : 0.086 0.914
98 98 (0) 5 : 0.096 0.904
99 99 (0) 6 : 0.577 0.423
100 100 (0) 6 : 0.175 0.825
101 101 (0) 6 : 0.641 0.359
102 102 (0) 6 : 0.220 0.780
103 103 (0) 6 : 0.803 0.197
104 104 (0) 6 : 0.864 0.136
105 105 (0) 6 : 0.521 0.479
106 106 (0) 6 : 0.249 0.751
107 107 (0) 6 : 0.921 0.079
108 108 (0) 6 : 0.938 0.062
109 109 (0) 6 : 0.854 0.146
110 110 (0) 6 : 0.161 0.839
111 111 (0) 6 : 0.610 0.390
112 112 (0) 6 : 0.546 0.454
113 113 (0) 6 : 0.656 0.344
114 114 (0) 6 : 0.612 0.388
115 115 (0) 6 : 0.873 0.127
116 116 (0) 6 : 0.464 0.536
117 117 (0) 7 : 0.016 0.984
118 118 (0) 7 : 0.015 0.985
119 119 (0) 7 : 0.019 0.981
120 120 (0) 7 : 0.026 0.974
121 121 (0) 7 : 0.036 0.964
122 122 (0) 7 : 0.030 0.970
123 123 (0) 7 : 0.017 0.983
124 124 (0) 7 : 0.029 0.971
125 125 (0) 7 : 0.019 0.981
126 126 (0) 7 : 0.018 0.982
127 127 (0) 7 : 0.022 0.978
128 128 (0) 7 : 0.038 0.962
129 129 (0) 7 : 0.074 0.926
130 130 (0) 7 : 0.093 0.907
131 131 (0) 7 : 0.017 0.983
132 132 (0) 7 : 0.069 0.931
133 133 (0) 7 : 0.021 0.979
134 134 (0) 7 : 0.056 0.944
135 135 (0) 7 : 0.035 0.965
136 136 (0) 7 : 0.021 0.979
137 137 (0) 7 : 0.027 0.973
138 138 (0) 7 : 0.025 0.975
139 139 (0) 7 : 0.182 0.818
140 140 (0) 7 : 0.028 0.972
141 141 (0) 7 : 0.037 0.963
142 142 (0) 7 : 0.029 0.971
143 143 (0) 8 : 0.814 0.186
144 144 (0) 8 : 0.804 0.196
145 145 (0) 8 : 0.768 0.232
146 146 (0) 8 : 0.792 0.208
147 147 (0) 8 : 0.865 0.135
148 148 (0) 8 : 0.959 0.041
149 149 (0) 8 : 0.829 0.171
150 150 (0) 8 : 0.577 0.423
151 151 (0) 8 : 0.959 0.041
152 152 (0) 8 : 0.817 0.183
153 153 (0) 8 : 0.885 0.115
154 154 (0) 8 : 0.792 0.208
155 155 (0) 8 : 0.700 0.300
156 156 (0) 8 : 0.783 0.217
157 157 (0) 8 : 0.889 0.111
158 158 (0) 8 : 0.916 0.084
159 159 (0) 8 : 0.771 0.229
160 160 (0) 8 : 0.554 0.446
161 161 (0) 8 : 0.942 0.058
162 162 (0) 8 : 0.795 0.205
163 163 (0) 8 : 0.165 0.835
164 164 (0) 8 : 0.915 0.085
165 165 (0) 8 : 0.952 0.048
166 166 (0) 8 : 0.928 0.072
167 167 (0) 8 : 0.859 0.141
168 168 (0) 8 : 0.721 0.279
169 169 (0) 8 : 0.891 0.109
170 170 (0) 8 : 0.952 0.048
171 171 (0) 8 : 0.937 0.063
1 1 (0) 1 : 0.961 0.039
2 2 (0) 1 : 0.960 0.040
3 3 (0) 1 : 0.900 0.100
4 4 (0) 1 : 0.965 0.035
5 5 (0) 1 : 0.970 0.030
6 6 (0) 1 : 0.933 0.067
7 7 (0) 1 : 0.972 0.028
8 8 (0) 1 : 0.978 0.022
9 9 (0) 1 : 0.971 0.029
10 10 (0) 1 : 0.962 0.038
11 11 (0) 1 : 0.945 0.055
12 12 (0) 1 : 0.936 0.064
13 13 (0) 1 : 0.934 0.066
14 14 (0) 1 : 0.894 0.106
15 15 (0) 1 : 0.970 0.030
16 16 (0) 1 : 0.966 0.034
17 17 (0) 1 : 0.959 0.041
18 18 (0) 1 : 0.962 0.038
19 19 (0) 1 : 0.972 0.028
20 20 (0) 1 : 0.955 0.045
21 21 (0) 1 : 0.960 0.040
22 22 (0) 2 : 0.738 0.262
23 23 (0) 2 : 0.572 0.428
24 24 (0) 2 : 0.721 0.279
25 25 (0) 2 : 0.477 0.523
26 26 (0) 2 : 0.697 0.303
27 27 (0) 2 : 0.765 0.235
28 28 (0) 2 : 0.608 0.392
29 29 (0) 2 : 0.560 0.440
30 30 (0) 2 : 0.761 0.239
31 31 (0) 2 : 0.716 0.284
32 32 (0) 2 : 0.735 0.265
33 33 (0) 2 : 0.797 0.203
34 34 (0) 2 : 0.496 0.504
35 35 (0) 2 : 0.630 0.370
36 36 (0) 2 : 0.816 0.184
37 37 (0) 2 : 0.687 0.313
38 38 (0) 2 : 0.779 0.221
39 39 (0) 2 : 0.813 0.187
40 40 (0) 2 : 0.782 0.218
41 41 (0) 2 : 0.749 0.251
42 42 (0) 2 : 0.820 0.180
43 43 (0) 2 : 0.724 0.276
44 44 (0) 2 : 0.702 0.298
45 45 (0) 2 : 0.803 0.197
46 46 (0) 2 : 0.777 0.223
47 47 (0) 3 : 0.830 0.170
48 48 (0) 3 : 0.929 0.071
49 49 (0) 3 : 0.594 0.406
50 50 (0) 3 : 0.928 0.072
51 51 (0) 3 : 0.909 0.091
52 52 (0) 3 : 0.948 0.052
53 53 (0) 3 : 0.904 0.096
54 54 (0) 3 : 0.793 0.207
55 55 (0) 3 : 0.907 0.093
56 56 (0) 3 : 0.914 0.086
57 57 (0) 3 : 0.964 0.036
58 58 (0) 3 : 0.937 0.063
59 59 (0) 3 : 0.868 0.132
60 60 (0) 3 : 0.928 0.072
61 61 (0) 3 : 0.959 0.041
62 62 (0) 3 : 0.960 0.040
63 63 (0) 3 : 0.928 0.072
64 64 (0) 3 : 0.707 0.293
65 65 (0) 3 : 0.869 0.131
66 66 (0) 3 : 0.954 0.046
67 67 (0) 3 : 0.943 0.057
68 68 (0) 4 : 0.014 0.986
69 69 (0) 4 : 0.080 0.920
70 70 (0) 4 : 0.017 0.983
71 71 (0) 4 : 0.016 0.984
72 72 (0) 4 : 0.013 0.987
73 73 (0) 4 : 0.059 0.941
74 74 (0) 4 : 0.030 0.970
75 75 (0) 4 : 0.016 0.984
76 76 (0) 4 : 0.021 0.979
77 77 (0) 4 : 0.016 0.984
78 78 (0) 4 : 0.039 0.961
79 79 (0) 4 : 0.017 0.983
80 80 (0) 4 : 0.015 0.985
81 81 (0) 4 : 0.011 0.989
82 82 (0) 4 : 0.018 0.982
83 83 (0) 4 : 0.017 0.983
84 84 (0) 4 : 0.017 0.983
85 85 (0) 4 : 0.013 0.987
86 86 (0) 4 : 0.015 0.985
87 87 (0) 4 : 0.021 0.979
88 88 (0) 4 : 0.014 0.986
89 89 (0) 4 : 0.014 0.986
90 90 (0) 4 : 0.010 0.990
91 91 (0) 4 : 0.015 0.985
92 92 (0) 4 : 0.009 0.991
93 93 (0) 5 : 0.895 0.105
94 94 (0) 5 : 0.357 0.643
95 95 (0) 5 : 0.807 0.193
96 96 (0) 5 : 0.898 0.102
97 97 (0) 5 : 0.805 0.195
98 98 (0) 5 : 0.762 0.238
99 99 (0) 6 : 0.418 0.582
100 100 (0) 6 : 0.741 0.259
101 101 (0) 6 : 0.379 0.621
102 102 (0) 6 : 0.708 0.292
103 103 (0) 6 : 0.234 0.766
104 104 (0) 6 : 0.179 0.821
105 105 (0) 6 : 0.453 0.547
106 106 (0) 6 : 0.648 0.352
107 107 (0) 6 : 0.114 0.886
108 108 (0) 6 : 0.096 0.904
109 109 (0) 6 : 0.205 0.795
110 110 (0) 6 : 0.759 0.241
111 111 (0) 6 : 0.392 0.608
112 112 (0) 6 : 0.434 0.566
113 113 (0) 6 : 0.415 0.585
114 114 (0) 6 : 0.400 0.600
115 115 (0) 6 : 0.185 0.815
116 116 (0) 6 : 0.491 0.509
117 117 (0) 7 : 0.974 0.026
118 118 (0) 7 : 0.974 0.026
119 119 (0) 7 : 0.976 0.024
120 120 (0) 7 : 0.943 0.057
121 121 (0) 7 : 0.921 0.079
122 122 (0) 7 : 0.944 0.056
123 123 (0) 7 : 0.971 0.029
124 124 (0) 7 : 0.950 0.050
125 125 (0) 7 : 0.968 0.032
126 126 (0) 7 : 0.967 0.033
127 127 (0) 7 : 0.965 0.035
128 128 (0) 7 : 0.920 0.080
129 129 (0) 7 : 0.880 0.120
130 130 (0) 7 : 0.784 0.216
131 131 (0) 7 : 0.970 0.030
132 132 (0) 7 : 0.882 0.118
133 133 (0) 7 : 0.966 0.034
134 134 (0) 7 : 0.904 0.096
135 135 (0) 7 : 0.925 0.075
136 136 (0) 7 : 0.969 0.031
137 137 (0) 7 : 0.962 0.038
138 138 (0) 7 : 0.961 0.039
139 139 (0) 7 : 0.679 0.321
140 140 (0) 7 : 0.953 0.047
141 141 (0) 7 : 0.929 0.071
142 142 (0) 7 : 0.961 0.039
143 143 (0) 8 : 0.268 0.732
144 144 (0) 8 : 0.215 0.785
145 145 (0) 8 : 0.242 0.758
146 146 (0) 8 : 0.257 0.743
147 147 (0) 8 : 0.208 0.792
148 148 (0) 8 : 0.099 0.901
149 149 (0) 8 : 0.203 0.797
150 150 (0) 8 : 0.374 0.626
151 151 (0) 8 : 0.104 0.896
152 152 (0) 8 : 0.255 0.745
153 153 (0) 8 : 0.164 0.836
154 154 (0) 8 : 0.272 0.728
155 155 (0) 8 : 0.273 0.727
156 156 (0) 8 : 0.255 0.745
157 157 (0) 8 : 0.182 0.818
158 158 (0) 8 : 0.159 0.841
159 159 (0) 8 : 0.276 0.724
160 160 (0) 8 : 0.339 0.661
161 161 (0) 8 : 0.121 0.879
162 162 (0) 8 : 0.237 0.763
163 163 (0) 8 : 0.621 0.379
164 164 (0) 8 : 0.163 0.837
165 165 (0) 8 : 0.116 0.884
166 166 (0) 8 : 0.127 0.873
167 167 (0) 8 : 0.196 0.804
168 168 (0) 8 : 0.296 0.704
169 169 (0) 8 : 0.173 0.827
170 170 (0) 8 : 0.117 0.883
171 171 (0) 8 : 0.121 0.879
1 1 (0) 1 : 0.034 0.966
2 2 (0) 1 : 0.028 0.972
3 3 (0) 1 : 0.078 0.922
4 4 (0) 1 : 0.016 0.984
5 5 (0) 1 : 0.011 0.989
6 6 (0) 1 : 0.040 0.960
7 7 (0) 1 : 0.015 0.985
8 8 (0) 1 : 0.008 0.992
9 9 (0) 1 : 0.016 0.984
10 10 (0) 1 : 0.018 0.982
11 11 (0) 1 : 0.030 0.970
12 12 (0) 1 : 0.058 0.942
13 13 (0) 1 : 0.043 0.957
14 14 (0) 1 : 0.154 0.846
15 15 (0) 1 : 0.015 0.985
16 16 (0) 1 : 0.018 0.982
17 17 (0) 1 : 0.024 0.976
18 18 (0) 1 : 0.016 0.984
19 19 (0) 1 : 0.013 0.987
20 20 (0) 1 : 0.035 0.965
21 21 (0) 1 : 0.022 0.978
22 22 (0) 2 : 0.238 0.762
23 23 (0) 2 : 0.690 0.310
24 24 (0) 2 : 0.239 0.761
25 25 (0) 2 : 0.817 0.183
26 26 (0) 2 : 0.301 0.699
27 27 (0) 2 : 0.136 0.864
28 28 (0) 2 : 0.626 0.374
29 29 (0) 2 : 0.740 0.260
30 30 (0) 2 : 0.184 0.816
31 31 (0) 2 : 0.223 0.777
32 32 (0) 2 : 0.210 0.790
33 33 (0) 2 : 0.098 0.902
34 34 (0) 2 : 0.788 0.212
35 35 (0) 2 : 0.558 0.442
36 36 (0) 2 : 0.086 0.914
37 37 (0) 2 : 0.405 0.595
38 38 (0) 2 : 0.151 0.849
39 39 (0) 2 : 0.093 0.907
40 40 (0) 2 : 0.114 0.886
41 41 (0) 2 : 0.223 0.777
42 42 (0) 2 : 0.076 0.924
43 43 (0) 2 : 0.244 0.756
44 44 (0) 2 : 0.362 0.638
45 45 (0) 2 : 0.078 0.922
46 46 (0) 2 : 0.130 0.870
47 47 (0) 3 : 0.100 0.900
48 48 (0) 3 : 0.035 0.965
49 49 (0) 3 : 0.288 0.712
50 50 (0) 3 : 0.035 0.965
51 51 (0) 3 : 0.034 0.966
52 52 (0) 3 : 0.028 0.972
53 53 (0) 3 : 0.033 0.967
54 54 (0) 3 : 0.107 0.893
55 55 (0) 3 : 0.051 0.949
56 56 (0) 3 : 0.045 0.955
57 57 (0) 3 : 0.022 0.978
58 58 (0) 3 : 0.035 0.965
59 59 (0) 3 : 0.064 0.936
60 60 (0) 3 : 0.035 0.965
61 61 (0) 3 : 0.020 0.980
62 62 (0) 3 : 0.018 0.982
63 63 (0) 3 : 0.038 0.962
64 64 (0) 3 : 0.187 0.813
65 65 (0) 3 : 0.081 0.919
66 66 (0) 3 : 0.023 0.977
67 67 (0) 3 : 0.030 0.970
68 68 (0) 4 : 0.994 0.006
69 69 (0) 4 : 0.976 0.024
70 70 (0) 4 : 0.991 0.009
71 71 (0) 4 : 0.993 0.007
72 72 (0) 4 : 0.992 0.008
73 73 (0) 4 : 0.983 0.017
74 74 (0) 4 : 0.992 0.008
75 75 (0) 4 : 0.992 0.008
76 76 (0) 4 : 0.990 0.010
77 77 (0) 4 : 0.993 0.007
78 78 (0) 4 : 0.986 0.014
79 79 (0) 4 : 0.992 0.008
80 80 (0) 4 : 0.993 0.007
81 81 (0) 4 : 0.994 0.006
82 82 (0) 4 : 0.991 0.009
83 83 (0) 4 : 0.991 0.009
84 84 (0) 4 : 0.993 0.007
85 85 (0) 4 : 0.994 0.006
86 86 (0) 4 : 0.993 0.007
87 87 (0) 4 : 0.989 0.011
88 88 (0) 4 : 0.993 0.007
89 89 (0) 4 : 0.992 0.008
90 90 (0) 4 : 0.994 0.006
91 91 (0) 4 : 0.992 0.008
92 92 (0) 4 : 0.996 0.004
93 93 (0) 5 : 0.057 0.943
94 94 (0) 5 : 0.555 0.445
95 95 (0) 5 : 0.107 0.893
96 96 (0) 5 : 0.056 0.944
97 97 (0) 5 : 0.126 0.874
98 98 (0) 5 : 0.116 0.884
99 99 (0) 6 : 0.523 0.477
100 100 (0) 6 : 0.229 0.771
101 101 (0) 6 : 0.558 0.442
102 102 (0) 6 : 0.288 0.712
103 103 (0) 6 : 0.666 0.334
104 104 (0) 6 : 0.717 0.283
105 105 (0) 6 : 0.457 0.543
106 106 (0) 6 : 0.290 0.710
107 107 (0) 6 : 0.775 0.225
108 108 (0) 6 : 0.784 0.216
109 109 (0) 6 : 0.691 0.309
110 110 (0) 6 : 0.192 0.808
111 111 (0) 6 : 0.562 0.438
112 112 (0) 6 : 0.481 0.519
113 113 (0) 6 : 0.510 0.490
114 114 (0) 6 : 0.496 0.504
115 115 (0) 6 : 0.728 0.272
116 116 (0) 6 : 0.426 0.574
117 117 (0) 7 : 0.011 0.989
118 118 (0) 7 : 0.010 0.990
119 119 (0) 7 : 0.013 0.987
120 120 (0) 7 : 0.031 0.969
121 121 (0) 7 : 0.043 0.957
122 122 (0) 7 : 0.038 0.962
123 123 (0) 7 : 0.011 0.989
124 124 (0) 7 : 0.028 0.972
125 125 (0) 7 : 0.015 0.985
126 126 (0) 7 : 0.013 0.987
127 127 (0) 7 : 0.017 0.983
128 128 (0) 7 : 0.051 0.949
129 129 (0) 7 : 0.093 0.907
130 130 (0) 7 : 0.221 0.779
131 131 (0) 7 : 0.016 0.984
132 132 (0) 7 : 0.076 0.924
133 133 (0) 7 : 0.021 0.979
134 134 (0) 7 : 0.097 0.903
135 135 (0) 7 : 0.038 0.962
136 136 (0) 7 : 0.020 0.980
137 137 (0) 7 : 0.015 0.985
138 138 (0) 7 : 0.014 0.986
139 139 (0) 7 : 0.433 0.567
140 140 (0) 7 : 0.042 0.958
141 141 (0) 7 : 0.061 0.939
142 142 (0) 7 : 0.022 0.978
143 143 (0) 8 : 0.672 0.328
144 144 (0) 8 : 0.733 0.267
145 145 (0) 8 : 0.725 0.275
146 146 (0) 8 : 0.670 0.330
147 147 (0) 8 : 0.754 0.246
148 148 (0) 8 : 0.906 0.094
149 149 (0) 8 : 0.745 0.255
150 150 (0) 8 : 0.562 0.438
151 151 (0) 8 : 0.897 0.103
152 152 (0) 8 : 0.709 0.291
153 153 (0) 8 : 0.797 0.203
154 154 (0) 8 : 0.716 0.284
155 155 (0) 8 : 0.652 0.348
156 156 (0) 8 : 0.732 0.268
157 157 (0) 8 : 0.801 0.199
158 158 (0) 8 : 0.821 0.179
159 159 (0) 8 : 0.655 0.345
160 160 (0) 8 : 0.576 0.424
161 161 (0) 8 : 0.882 0.118
162 162 (0) 8 : 0.755 0.245
163 163 (0) 8 : 0.275 0.725
164 164 (0) 8 : 0.842 0.158
165 165 (0) 8 : 0.887 0.113
166 166 (0) 8 : 0.837 0.163
167 167 (0) 8 : 0.761 0.239
168 168 (0) 8 : 0.608 0.392
169 169 (0) 8 : 0.813 0.187
170 170 (0) 8 : 0.900 0.100
171 171 (0) 8 : 0.885 0.115
