"491.15"	"479.94"	"472.3"	"470.3"	"468.46"	"466.67"	"460.65"	"459.6"	"458.45"	"456.49"	"454.38"	"452.5"	"450.75"	"448.62"	"445.49"	"444.41"	"442.76"	"438.2"	"437"	"435.1"	"434.02"	"428.47"	"427.19"	"423.79"	"419.98"	"418.85"	"416.66"	"414.62"	"412.49"	"411.5"	"410.23"	"409.34"	"408.24"	"407.31"	"406.1"	"405.27"	"402.21"	"399.97"	"398.06"	"396.11"	"394.42"	"392.55"	"385.7"	"384.62"	"383.53"	"382.65"	"381.66"	"379.76"	"378.08"	"377"	"376.05"	"374.03"	"370.85"	"369.73"	"362.45"	"358.55"	"347.4"	"346.25"	"340.15"	"339.18"	"337.18"	"334.1"	"331.97"	"331.02"	"329.99"	"329.06"	"327.74"	"325.82"	"324.05"	"317.59"	"316.52"	"315.4"	"314.42"	"313.37"	"312.28"	"311.23"	"310.16"	"309.19"	"308.06"	"306.97"	"305.96"	"303.79"	"299.58"	"296.62"	"284.48"	"283.6"	"275.91"	"274.8"	"273.86"	"272.91"	"271.94"	"270.05"	"269.06"	"268.14"	"267.24"	"266.1"	"265.2"	"264.38"	"262.54"	"258.66"	"257.4"	"256.64"	"256"	"254.89"	"253.8"	"252"	"245.75"	"238.25"	"236.43"	"234.47"	"232.22"	"231.42"	"230.36"	"229.24"	"226"	"223.01"	"220.87"	"219.73"	"218.6"	"204.48"	"201.95"	"200.36"	"191.2"	"188.27"	"177.74"	"175.75"	"173.68"	"171.5"	"170.28"	"167.49"	"163.48"	"161.17"	"159.52"	"158.18"	"156.1"	"154.3"	"153.55"	"153.3"	"152.68"	"151.64"	"150.15"	"148.78"	"147"	"146.27"	"144.4"	"141.6"	"139.86"	"137.6"	"132.9"	"131.77"	"130.41"	"127.25"	"124.99"	"120.03"	"112.39"	"110.6"	"109.87"	"108.16"	"106.78"	"104.6"	"103.75"	"103.17"	"102.5"	"100.37"
"Ah2_I_826_ISSR826___21"	0	1	0	0	0	0	0	0	0	0	0	0	0	0	0	0	0	0	0	0	0	0	0	0	0	0	0	1	0	0	0	0	0	1	1	0	1	0	1	1	1	1	0	0	1	0	1	1	0	0	0	0	0	1	0	0	0	0	0	0	0	0	0	0	1	0	0	0	0	1	0	0	1	1	1	0	1	0	1	0	0	0	1	1	0	0	1	1	0	1	0	0	1	1	1	1	0	1	0	1	0	0	0	1	0	1	0	1	0	1	0	1	1	1	0	1	1	0	0	0	0	0	0	0	1	1	1	0	0	0	0	0	1	0	0	0	0	0	0	0	0	0	0	0	0	0	0	0	0	0	0	0	0	0	0	0	0	0	0	0	1	0	0	1
"Ah2_II_826_ISSR826___19"	0	1	0	0	0	0	0	0	0	0	0	0	0	0	0	0	0	0	1	0	1	0	0	1	0	0	1	1	0	0	0	0	0	0	0	1	1	0	1	1	1	1	0	0	1	0	1	1	0	0	0	0	1	1	0	0	0	0	0	0	0	0	0	0	1	1	0	0	0	1	0	1	0	1	1	1	0	1	1	0	0	0	1	1	0	0	1	0	1	0	1	1	0	1	0	1	0	1	0	1	0	1	0	1	0	1	0	1	0	1	0	1	0	1	1	1	1	0	0	0	0	0	0	0	1	1	1	0	0	0	0	0	1	0	0	0	0	0	0	0	0	0	0	0	1	0	0	0	0	0	1	0	0	0	0	0	0	0	1	0	1	0	0	1
"Ah4_I_826_ISSR826___24"	0	0	0	0	0	0	0	0	0	0	0	0	0	0	0	0	0	0	0	0	0	0	0	0	0	0	0	1	0	0	0	0	0	1	0	0	1	0	1	1	1	1	0	1	1	0	1	1	0	0	0	1	0	1	0	0	0	0	0	0	0	0	0	0	0	0	0	0	0	0	0	0	1	0	1	0	1	0	1	0	0	0	1	1	0	0	0	1	0	1	0	0	0	1	0	1	0	1	0	1	0	0	0	1	0	1	0	1	0	0	0	1	1	0	0	1	1	0	0	0	0	0	0	0	1	1	1	0	0	0	0	0	1	0	0	0	0	0	0	0	1	0	0	0	0	0	0	0	0	0	0	0	0	0	0	0	0	0	1	0	1	0	0	1
"Ah4_II_826_ISSR826___22"	0	0	0	0	0	0	0	0	0	0	0	0	0	0	0	0	0	0	1	0	1	0	1	0	0	0	0	0	0	0	0	0	0	0	0	0	1	0	1	1	1	1	0	0	1	0	1	0	0	0	0	0	1	0	0	0	0	0	0	0	0	0	0	0	0	0	0	0	0	0	0	0	0	1	1	1	1	0	1	0	0	0	1	1	0	0	0	1	0	1	0	0	1	1	0	1	0	0	0	0	0	1	0	1	0	1	0	1	0	0	0	1	0	0	0	1	1	0	0	0	0	1	0	0	1	1	0	0	0	0	0	0	1	0	0	0	0	0	0	0	0	0	0	0	0	0	0	0	0	0	0	0	0	0	0	0	0	0	1	0	1	0	0	1
"Al2_I_826_ISSR826___03"	0	1	0	0	0	0	0	0	0	0	0	0	0	0	0	0	0	0	0	0	0	0	0	0	0	0	0	1	0	0	0	0	1	0	1	0	1	0	1	0	0	1	0	0	1	0	1	1	0	0	0	1	0	0	0	0	0	0	0	0	0	0	0	0	0	0	0	0	0	0	0	0	1	1	1	0	1	0	1	0	0	0	1	1	0	0	1	1	0	1	0	0	1	1	1	1	0	0	0	1	0	0	0	1	0	1	0	0	0	0	0	1	1	1	0	1	1	0	0	0	0	0	0	0	1	1	1	0	0	0	0	0	1	0	0	0	0	0	0	0	0	0	0	0	0	0	0	0	0	0	0	0	0	0	0	0	0	0	0	0	1	0	0	1
"Al2_II_826_ISSR826___01"	0	0	0	0	0	0	0	0	1	0	0	0	0	0	0	0	0	0	0	0	0	0	1	0	0	0	0	0	0	0	0	0	0	0	0	0	1	0	1	0	1	1	0	0	1	0	1	1	0	0	0	0	0	0	0	0	0	0	0	0	0	0	0	0	0	0	0	0	0	0	0	0	0	1	1	1	1	0	1	0	0	0	1	1	0	0	0	0	1	0	1	1	0	1	0	1	0	1	0	0	0	1	0	1	0	1	0	1	0	0	0	1	1	0	0	1	1	0	0	0	0	1	0	0	1	1	0	0	0	0	0	0	1	0	0	0	0	0	0	0	0	0	0	0	0	0	0	0	0	0	0	0	0	0	0	0	0	0	0	0	0	0	0	1
"Al3_I_826_ISSR826___06"	0	1	0	0	0	0	0	0	0	0	0	0	0	0	0	0	0	0	0	0	0	0	0	0	0	0	0	1	0	0	0	1	0	1	1	0	1	1	1	1	1	1	0	1	0	1	1	1	0	0	0	1	0	0	0	0	1	0	0	0	0	0	0	0	0	0	0	0	0	1	0	0	1	1	1	0	1	0	1	0	0	0	1	1	0	0	1	1	0	1	0	0	1	1	1	1	0	1	0	1	0	0	0	1	0	1	0	0	0	1	0	1	1	1	0	1	1	0	0	0	0	0	0	0	1	1	1	0	0	0	0	0	1	0	0	0	0	0	0	0	1	1	0	0	0	0	1	0	0	1	0	0	0	1	0	0	0	0	0	0	0	0	0	1
"Al3_II_826_ISSR826___04"	0	0	0	0	0	0	0	0	0	0	0	0	0	0	0	0	0	0	1	0	0	0	1	1	0	0	0	1	0	1	0	0	0	0	0	1	1	0	1	1	1	1	0	0	1	0	1	1	0	0	0	1	0	0	0	0	0	0	0	0	0	0	0	0	1	0	0	0	0	1	1	0	1	1	1	0	1	0	1	0	0	0	1	1	0	0	1	1	0	1	0	0	0	1	0	1	0	1	0	1	0	1	0	1	0	1	0	1	0	0	0	1	0	1	0	1	1	0	0	0	0	1	0	1	1	1	1	0	0	0	0	0	0	1	0	0	0	0	0	0	0	0	0	0	1	0	1	0	0	1	0	0	0	0	0	0	0	0	0	0	0	0	0	0
"H1_I_826_ISSR826___15"	0	0	0	0	0	0	0	0	0	0	0	0	0	0	0	0	0	0	0	0	0	0	0	0	0	0	0	1	0	0	0	1	0	1	1	0	1	1	1	1	1	1	0	0	1	0	1	1	0	0	0	1	1	0	0	0	0	0	0	0	0	0	0	0	1	0	0	0	0	1	0	0	1	0	1	1	1	0	1	0	1	0	1	1	0	0	1	1	0	1	0	0	1	1	1	1	0	1	0	1	0	1	0	1	0	1	0	0	0	1	0	1	1	0	0	1	1	0	0	0	0	1	0	0	1	1	1	0	0	0	0	0	1	0	0	0	0	0	0	0	1	0	0	0	1	0	0	0	0	0	0	0	0	0	0	0	0	0	0	0	1	0	0	1
"H1_II_826_ISSR826___13"	0	1	0	0	0	0	0	0	0	0	0	0	0	0	0	0	1	1	1	0	1	0	1	1	0	0	0	1	0	0	0	0	0	0	0	0	1	0	1	1	1	1	0	0	1	0	1	1	0	0	0	1	0	0	0	0	0	0	0	0	0	0	0	0	0	0	0	0	0	1	1	0	0	1	1	1	0	1	1	0	0	0	1	1	0	0	1	1	0	1	0	0	1	1	1	1	0	1	0	1	0	1	0	1	0	1	0	1	1	1	0	1	1	1	0	1	1	0	0	0	0	1	0	1	1	1	1	0	0	0	0	0	1	0	0	0	0	0	0	0	0	0	0	0	1	0	1	0	0	0	0	0	0	0	0	0	0	0	0	0	1	0	0	1
"H4_I_826_ISSR826___18"	0	0	0	0	0	0	0	0	0	0	0	0	0	0	0	0	0	0	0	0	0	0	0	0	0	0	0	0	0	0	0	0	0	1	0	0	1	0	1	1	1	0	0	0	1	0	1	1	0	0	0	0	0	0	0	0	0	0	0	0	0	0	0	0	0	0	0	0	0	1	0	0	0	1	1	0	1	0	1	0	0	0	0	1	0	0	0	1	0	1	0	0	0	1	0	1	0	1	0	1	0	1	0	1	0	1	0	0	0	0	0	1	1	1	0	1	1	0	0	0	0	0	0	0	1	1	1	0	0	0	0	0	1	0	0	0	0	0	0	0	0	0	0	0	0	0	0	0	0	0	0	0	0	0	0	0	0	0	0	0	0	0	0	0
"H4_II_826_ISSR826___16"	0	1	0	0	0	0	0	0	1	0	0	0	0	0	0	0	1	0	1	1	0	0	1	0	0	0	0	1	0	0	0	0	0	0	0	0	1	0	1	1	1	1	0	0	1	0	1	1	0	0	0	1	1	0	0	0	0	0	0	0	0	0	0	0	0	0	0	0	0	1	0	0	1	0	1	1	1	0	1	0	0	0	1	1	0	0	0	1	0	1	0	0	1	1	1	1	0	1	0	1	0	1	0	1	0	1	0	1	1	1	0	1	0	0	0	1	1	0	0	0	0	1	0	0	1	1	1	0	0	0	0	0	1	0	0	0	0	0	0	0	0	0	0	0	1	0	0	0	0	1	0	0	0	0	0	0	0	0	0	0	0	0	0	1
"JC2_I_826_ISSR826___09"	0	1	0	0	0	0	0	0	0	0	0	0	0	0	0	0	0	0	0	0	0	0	0	0	0	0	0	1	1	0	0	1	0	1	1	0	1	0	1	0	1	1	0	1	1	0	1	1	0	0	0	0	1	0	0	0	0	0	0	0	0	0	0	0	1	0	0	0	0	1	0	0	1	1	1	0	1	0	1	0	1	0	1	1	0	0	1	1	0	1	0	0	1	1	1	1	0	1	0	1	0	1	0	1	0	1	0	0	0	1	0	1	1	1	1	1	1	0	0	0	0	0	0	0	1	1	1	0	0	0	0	0	1	0	0	0	0	0	0	0	0	0	0	0	0	0	0	0	0	0	0	0	0	0	0	0	0	0	0	0	1	0	0	1
"JC2_II_826_ISSR826___07"	0	0	0	0	0	0	0	0	0	0	0	0	0	0	0	0	0	0	1	0	1	0	0	0	0	0	0	0	0	1	1	0	0	0	0	1	1	0	0	0	1	1	0	0	1	0	1	1	0	0	0	0	1	0	0	0	0	0	0	0	0	0	0	0	0	0	0	0	0	1	0	1	0	1	1	0	1	0	1	0	0	0	1	1	0	0	1	1	0	1	0	0	1	1	1	1	0	1	0	1	0	1	0	1	0	1	0	1	0	0	0	1	1	0	0	1	1	0	0	0	0	0	0	0	1	1	1	0	0	0	0	0	1	0	0	0	0	0	0	0	0	0	0	0	0	0	0	0	0	0	0	0	0	0	0	0	0	0	0	0	1	0	0	1
"JC3_I_826_ISSR826___12"	0	1	0	0	0	0	0	0	0	0	0	0	0	0	0	0	0	0	0	0	0	0	0	0	0	0	0	0	0	0	0	1	0	1	1	0	1	1	1	1	1	1	0	0	1	0	1	1	0	0	0	0	1	0	0	0	0	0	0	0	0	0	0	0	1	0	0	0	0	1	0	0	1	0	1	0	1	0	1	0	0	0	1	1	0	0	1	1	0	1	0	0	0	1	0	1	0	1	0	1	0	1	0	1	0	1	0	0	0	1	0	1	1	1	0	1	1	0	0	0	0	0	0	0	1	1	1	0	0	0	0	0	1	0	0	0	0	0	0	0	0	0	0	0	0	0	0	0	0	0	0	0	0	0	0	0	0	0	0	0	0	0	0	1
"JC3_II_826_ISSR826___10"	0	1	0	0	0	0	0	0	0	0	0	0	0	0	0	0	0	0	0	0	0	0	0	0	0	0	0	0	0	0	0	0	0	0	0	0	1	0	1	1	1	1	0	0	1	0	1	1	0	0	0	0	1	0	0	0	0	0	0	0	0	0	0	0	0	0	0	0	0	1	0	0	1	0	1	1	1	0	1	0	0	0	1	1	0	0	0	1	0	1	0	0	1	1	1	1	0	1	0	1	0	1	0	1	0	1	0	1	0	0	0	1	1	0	0	1	1	0	0	0	0	1	0	0	1	1	1	0	0	0	0	0	1	0	0	0	0	0	0	0	0	0	0	0	0	0	0	0	0	0	0	0	0	0	0	0	0	0	1	0	1	0	0	1
"KP_BCC_S1_ISSR826_R1_ISSR_826__03"	0	0	0	0	0	0	0	0	0	0	0	0	0	0	0	0	0	0	0	0	0	0	0	0	0	0	1	1	1	0	1	0	0	0	1	0	1	1	1	1	1	1	0	0	1	0	1	1	0	0	0	0	1	0	0	0	0	0	0	0	0	0	0	0	0	0	0	0	0	0	0	0	1	1	1	0	1	0	1	0	0	0	1	1	0	0	1	1	0	1	0	0	1	1	1	1	0	1	0	1	0	0	0	1	0	1	0	0	0	0	0	1	1	0	0	1	1	0	0	0	0	0	0	0	1	1	1	0	0	0	0	0	0	0	0	0	1	0	0	0	0	0	0	0	0	0	0	0	0	1	0	0	0	1	0	0	0	0	1	0	1	0	0	1
"KP_BCC_S1_ISSR826_R2_ISSR_826__05"	0	1	0	0	0	0	0	0	0	0	0	0	0	0	0	0	1	0	0	0	0	0	0	0	0	0	0	0	0	0	0	0	0	0	1	0	1	0	1	0	1	1	0	0	1	0	1	1	0	0	0	1	1	0	0	0	0	0	0	0	0	0	0	0	1	0	0	0	0	0	1	0	1	1	1	0	1	0	0	0	0	0	1	0	0	0	1	1	0	1	0	0	1	1	0	0	0	0	0	1	0	0	0	0	0	1	0	0	0	1	0	1	1	1	0	1	1	0	0	0	0	0	0	0	0	1	0	0	0	0	0	0	0	0	0	0	0	0	1	0	0	0	0	0	0	0	0	0	0	0	0	0	0	1	0	0	0	0	0	0	1	0	1	0
"KP_BCC_S2_ISSR826_R1_ISSR_826__06"	0	0	0	0	0	0	0	0	0	0	0	0	0	0	0	1	1	0	0	0	0	0	0	0	0	0	1	1	1	0	1	0	0	1	1	0	1	1	1	1	1	1	1	0	1	1	1	1	1	0	0	0	1	0	0	0	0	0	0	0	0	0	0	0	0	0	0	0	0	0	0	0	1	0	1	1	1	0	1	0	0	0	0	0	0	0	0	1	0	1	0	0	0	1	0	0	0	1	0	0	0	0	0	1	0	0	0	0	0	0	0	1	1	0	0	1	1	0	0	0	0	0	0	0	1	1	0	0	0	0	0	0	0	0	0	0	0	0	1	0	0	0	0	0	0	0	0	0	0	0	0	0	0	0	1	0	1	0	1	0	0	0	1	1
"KP_BCC_S2_ISSR826_R2_ISSR_826__08"	0	1	0	0	0	0	0	0	0	0	0	0	0	0	0	1	1	0	0	0	0	0	0	0	0	0	0	1	1	0	0	0	0	0	1	0	1	0	1	1	1	1	1	1	1	0	1	1	1	0	0	0	1	0	0	0	0	0	0	0	0	0	0	0	0	0	0	0	0	0	1	0	1	0	1	0	1	0	1	0	0	0	1	0	0	0	1	1	0	1	0	0	0	1	0	0	0	1	0	1	0	0	0	0	0	0	0	0	0	1	0	1	0	1	0	1	1	0	0	0	0	0	0	0	0	1	1	0	0	0	0	0	0	0	0	0	0	0	0	1	0	0	0	0	0	0	0	0	0	0	0	0	0	1	0	0	0	0	0	0	1	0	0	0
"KP_BCC_S4_ISSR826_R1_ISSR_826__09"	0	1	0	0	0	0	0	0	0	0	0	0	0	0	0	0	1	0	0	0	0	0	0	0	0	0	1	1	1	0	1	0	0	1	1	0	1	1	1	1	1	1	0	1	1	0	1	1	0	0	0	1	0	0	0	0	0	0	0	0	0	0	0	0	1	0	0	0	0	1	0	0	1	0	1	0	1	0	1	0	1	0	1	1	0	0	1	1	0	1	0	0	1	1	1	1	1	1	0	1	0	1	0	1	0	1	0	0	1	1	0	1	1	0	0	1	1	0	0	0	0	0	0	0	1	1	1	0	0	1	0	0	0	0	0	0	0	0	1	0	1	1	0	0	1	0	1	0	0	0	0	0	0	1	0	0	0	0	1	0	1	0	0	1
"KP_BCC_S4_ISSR826_R2_ISSR_826__11"	0	1	0	0	0	0	0	0	0	0	0	0	0	0	0	0	1	0	0	0	0	0	0	0	0	0	0	0	1	0	0	0	0	0	1	0	1	1	1	0	1	1	0	1	1	0	1	1	0	0	0	1	0	0	0	0	0	0	0	0	0	0	0	0	1	0	0	0	0	0	1	0	1	1	1	0	1	0	1	0	0	0	1	0	0	0	1	1	0	1	0	0	1	0	1	0	0	1	0	1	0	0	0	1	0	1	0	0	0	1	0	1	1	1	0	1	1	0	0	0	0	0	0	0	1	1	1	0	0	1	0	0	0	0	0	0	0	1	0	0	1	1	1	0	0	1	0	0	0	0	0	0	1	1	0	0	0	0	1	0	1	0	0	1
"KP_P1_S1_ISSR826_R1_ISSR_826__12"	0	1	0	0	0	0	0	0	0	0	0	0	0	0	0	0	0	0	0	0	0	0	0	0	0	0	1	1	0	0	1	0	1	0	1	0	1	1	1	1	1	1	0	0	1	0	1	1	0	0	0	1	0	0	0	0	0	0	0	0	1	0	0	0	1	0	0	0	0	0	1	1	0	1	1	0	1	0	1	0	1	1	1	0	0	0	1	1	0	1	0	0	1	0	1	1	1	1	0	1	0	0	0	1	0	1	0	0	0	1	0	1	1	1	1	1	1	0	0	0	0	0	0	0	1	1	1	0	0	1	0	0	0	0	0	0	0	0	1	0	1	0	1	1	0	1	0	0	0	0	0	0	0	1	0	0	0	0	1	0	1	0	0	1
"KP_P1_S1_ISSR826_R2_ISSR_826__14"	0	1	0	0	0	0	0	0	0	0	0	0	0	0	0	0	0	0	0	0	0	0	0	0	0	0	0	0	0	0	1	0	1	0	0	0	1	1	0	0	1	0	0	0	1	0	1	1	0	0	0	0	0	0	0	0	0	0	0	0	0	0	0	0	1	0	0	0	0	0	1	0	0	1	1	0	1	0	1	0	1	0	1	0	0	0	0	1	0	1	0	0	1	1	1	0	1	1	0	1	0	0	0	1	1	1	0	0	0	1	0	1	1	1	0	1	1	0	0	0	0	0	0	0	0	1	1	0	0	0	0	0	0	0	0	1	0	0	0	0	1	0	1	0	1	1	0	0	0	0	0	0	0	1	0	0	0	0	0	0	1	0	0	1
"KP_P1_S3_ISSR826_R1_ISSR_826__15"	0	1	0	0	0	0	0	0	1	1	1	1	1	1	1	1	1	0	0	0	0	0	0	0	0	0	1	1	1	0	1	0	0	1	0	0	1	1	1	1	1	1	0	0	1	0	1	1	0	0	0	1	1	0	0	0	0	0	0	0	0	0	0	0	1	0	0	0	0	1	0	0	1	1	1	0	1	0	1	0	0	0	1	1	0	0	1	1	0	1	0	0	1	1	1	1	0	1	0	1	0	1	0	1	0	1	0	1	0	1	0	1	1	1	1	1	1	0	0	0	0	0	0	0	1	1	1	0	0	0	0	0	0	0	0	0	0	0	1	0	0	0	0	0	0	0	0	0	0	0	0	0	0	1	0	0	0	0	1	0	0	0	0	1
"KP_P1_S3_ISSR826_R2_ISSR_826__17"	0	1	0	0	0	0	0	0	1	1	1	1	1	1	0	1	1	0	0	0	0	0	0	0	0	0	1	1	1	0	1	0	0	1	1	0	1	1	1	1	1	1	0	1	1	0	1	1	0	0	0	1	1	0	0	0	0	0	0	0	0	0	0	0	1	0	0	0	0	0	1	0	0	1	1	0	1	0	1	0	0	0	1	0	0	0	1	0	1	0	1	1	0	1	0	0	0	1	0	1	0	0	0	1	0	1	0	0	0	1	0	1	1	1	0	1	1	0	0	0	0	0	0	0	1	1	1	0	0	0	0	0	0	0	0	0	0	0	1	0	0	0	0	0	0	0	0	0	0	0	0	0	0	1	0	0	0	0	1	0	0	0	0	1
"KP_P2_S2_ISSR826_R1_ISSR_826__21"	0	1	0	0	0	1	0	0	0	1	0	0	0	0	0	0	0	0	0	0	0	0	1	0	0	0	1	1	1	0	1	0	1	0	1	0	1	1	1	1	1	1	0	0	1	0	1	1	0	0	0	1	1	0	0	0	0	0	0	0	0	0	0	0	0	0	0	0	0	1	0	1	1	0	1	0	1	0	1	0	1	0	1	1	0	0	0	1	0	1	0	0	1	1	1	1	1	1	0	1	0	1	0	1	0	1	0	1	0	1	0	1	1	1	0	1	1	0	0	0	0	1	0	0	1	1	1	0	0	1	0	0	0	0	0	0	0	0	1	0	0	0	0	0	0	0	0	0	0	0	0	0	0	1	0	1	0	0	1	0	1	0	0	1
"KP_P2_S2_ISSR826_R2_ISSR_826__23"	0	1	0	0	0	0	0	0	0	0	0	0	0	0	0	0	0	0	0	0	0	0	1	0	0	0	1	1	1	0	1	0	1	0	1	0	1	1	1	1	1	1	0	0	1	0	1	1	0	0	0	1	1	1	0	0	0	0	0	0	0	0	0	0	1	0	0	0	0	0	1	0	1	0	1	0	1	1	1	0	1	0	1	1	0	0	1	1	0	1	0	0	1	1	1	1	0	1	0	1	0	0	0	1	0	1	0	0	1	1	0	1	1	1	0	1	1	0	0	0	0	0	0	0	1	1	1	0	0	0	0	0	0	0	0	0	0	0	1	0	0	0	1	0	0	0	0	0	0	0	0	0	1	1	0	0	0	0	1	0	1	0	0	0
"KP_P2_S4_ISSR826_R1_ISSR_826__24"	0	1	0	0	0	0	1	0	1	0	0	0	0	0	0	0	0	0	1	0	1	0	0	0	0	0	1	1	1	0	1	0	0	1	1	0	1	1	1	0	1	1	0	1	1	0	1	1	0	0	0	0	1	0	0	0	0	0	0	1	0	0	0	0	1	0	0	0	0	1	0	0	1	0	1	0	1	0	1	1	1	0	1	0	0	0	1	1	0	1	0	0	1	1	1	1	0	1	1	1	0	1	0	1	0	1	0	0	0	1	0	1	1	1	0	1	1	0	0	0	0	0	0	0	1	1	1	0	0	0	0	0	0	0	0	0	0	0	1	0	0	0	0	0	0	0	0	0	0	0	0	0	0	1	0	0	0	0	1	0	1	0	0	1
"KP_P2_S4_ISSR826_R2_ISSR_826__03"	0	0	0	0	0	0	0	0	0	0	0	0	0	0	0	0	0	0	0	0	0	0	0	0	0	0	0	0	1	0	1	0	1	0	1	0	1	0	0	0	1	0	0	0	1	0	1	1	0	0	0	0	1	0	0	0	0	0	0	0	0	0	0	0	0	0	0	0	0	0	0	0	1	0	1	0	1	0	1	0	0	0	1	0	0	0	0	1	0	1	0	0	1	1	0	1	0	1	0	0	0	0	0	1	0	0	0	0	0	0	0	1	0	0	0	1	1	0	0	0	0	0	0	0	1	1	0	0	0	0	0	0	0	0	0	0	1	0	0	0	0	0	0	0	0	0	0	0	0	0	0	0	0	0	0	0	0	0	1	0	0	0	0	0
"KP_P2_S5_ISSR826_R1_ISSR_826__01"	0	0	0	0	0	0	0	0	0	0	0	0	0	0	0	0	1	0	0	0	0	0	0	0	0	0	1	1	1	0	1	0	1	0	1	0	1	0	0	0	1	1	0	0	0	1	1	1	0	0	0	0	1	1	0	0	0	0	0	0	0	0	0	0	0	0	0	0	0	1	0	0	0	1	1	1	1	0	1	0	0	0	1	1	0	0	1	1	0	1	0	0	1	1	1	1	0	1	0	1	0	1	0	1	0	1	0	0	0	1	0	1	0	1	0	1	1	0	0	0	0	0	0	0	1	1	1	0	0	0	0	0	0	0	0	0	1	0	0	0	0	0	0	0	0	0	0	0	0	0	0	0	0	0	0	1	0	0	1	0	0	0	0	0
"KP_P2_S5_ISSR826_R2_ISSR_826__06"	0	1	0	0	0	0	0	0	0	0	0	0	0	0	0	1	1	0	0	0	0	0	0	0	0	0	1	1	1	0	1	0	1	0	1	0	1	1	1	1	1	1	0	0	1	0	1	0	0	0	0	0	1	0	0	0	0	0	0	0	0	0	0	0	0	0	0	0	0	0	0	0	0	1	1	0	1	0	1	0	0	0	0	0	0	0	0	0	1	0	1	1	0	0	0	0	0	0	0	0	0	0	0	0	0	0	0	0	0	0	0	1	0	0	0	0	0	0	0	0	0	0	0	0	0	1	0	0	0	0	0	0	0	0	0	0	0	0	1	0	0	0	0	0	0	0	0	0	0	0	0	0	0	0	1	0	1	0	1	0	0	0	1	1
"KP_P3_S1_ISSR826_R1_ISSR_826__04"	0	1	0	0	0	0	0	0	0	0	0	0	0	0	0	1	1	0	1	0	0	0	1	1	0	0	1	1	1	0	1	0	1	0	1	0	1	1	1	1	1	1	0	0	1	0	1	1	0	0	0	1	0	0	0	0	0	0	0	0	0	0	0	0	0	0	0	0	0	0	0	0	1	0	1	0	1	0	1	0	0	0	1	1	0	0	0	1	0	1	0	0	1	1	1	1	0	1	0	1	0	1	0	1	0	1	0	1	1	1	0	1	1	1	1	1	1	0	0	0	0	0	0	0	1	1	1	0	0	1	0	0	0	0	0	0	0	0	0	1	0	0	0	0	1	0	1	0	0	0	0	0	0	0	0	0	0	0	1	0	1	0	0	0
"KP_P3_S1_ISSR826_R2_ISSR_826__12"	0	1	0	0	0	0	0	0	0	0	0	1	1	0	0	1	1	0	0	0	0	0	0	0	0	0	1	1	1	0	0	0	1	0	1	0	1	1	1	1	1	1	0	0	1	0	1	1	0	0	0	1	1	0	0	0	0	0	0	0	0	0	0	0	1	0	0	0	0	0	1	0	1	1	1	0	1	0	1	0	0	0	1	0	0	0	1	1	0	1	0	0	1	1	1	0	1	1	0	1	0	0	0	1	0	1	0	0	0	1	0	1	1	1	0	1	1	0	0	0	0	0	0	0	1	1	1	0	0	0	0	0	0	0	0	0	0	0	1	0	1	0	1	0	0	1	0	0	0	0	0	0	0	1	0	0	0	0	1	0	1	0	0	1
"KP_P3_S2_ISSR826_R1_ISSR_826__07"	0	1	0	0	0	0	0	0	1	1	1	1	1	1	1	1	1	0	1	0	1	0	0	0	0	0	1	1	1	0	1	0	0	1	1	0	1	1	1	0	1	1	0	0	1	0	1	1	0	0	0	0	1	0	0	0	0	0	0	1	1	0	0	0	1	0	0	0	0	1	0	0	1	0	1	0	1	0	1	0	1	0	1	1	0	0	1	0	1	0	1	1	0	1	0	1	0	1	1	1	0	1	1	1	0	1	0	0	0	1	0	1	1	1	0	1	1	0	0	0	0	0	0	0	1	1	1	0	0	0	0	0	0	0	0	0	0	0	1	0	0	0	0	0	0	0	0	0	0	0	0	0	0	0	0	1	0	0	1	0	1	0	0	0
"KP_P3_S2_ISSR826_R2_ISSR_826__09"	0	1	0	0	0	0	0	0	1	1	1	1	1	1	1	1	1	0	1	0	0	0	0	0	0	0	1	1	1	0	1	0	0	1	1	0	1	0	1	1	1	1	0	0	1	0	1	1	0	0	0	0	1	0	0	0	0	0	0	1	1	0	0	0	1	0	0	0	0	1	0	0	1	0	1	1	1	0	1	0	0	0	1	0	0	0	0	0	1	0	1	1	0	1	0	1	0	1	0	1	0	1	0	1	0	1	0	0	0	1	0	1	1	0	0	1	1	0	0	0	0	0	0	0	1	1	0	0	0	0	0	0	0	0	0	0	0	0	1	0	0	0	0	0	0	0	0	0	0	0	0	0	0	1	0	0	0	0	1	0	1	0	0	0
"VS006_Ofi_826_1_ISSR_826__15"	0	1	0	0	0	0	0	0	0	0	0	0	0	0	1	0	1	0	0	0	0	0	1	1	0	0	1	1	1	0	1	0	0	0	1	0	1	0	0	1	1	1	0	0	1	0	1	1	0	0	1	1	0	1	0	0	1	1	0	1	1	0	1	1	1	0	1	0	0	1	1	1	0	1	1	0	1	0	1	0	1	1	1	1	1	0	1	1	0	1	0	0	1	1	1	1	0	1	1	1	0	1	0	1	0	1	0	1	0	1	0	1	1	0	0	1	1	0	0	0	0	1	0	1	1	1	1	0	0	1	1	0	0	1	0	0	0	0	1	0	1	1	0	1	1	0	0	0	0	0	1	0	0	1	1	0	0	1	1	0	1	0	0	0
"VS006_Ofi_826_2_ISSR_826__24"	0	1	0	0	0	0	0	0	0	0	0	0	0	0	0	0	1	0	0	0	0	0	1	1	0	0	1	1	1	0	1	0	0	0	1	0	1	0	0	1	1	1	0	0	1	0	1	1	0	0	0	1	1	0	0	0	1	1	0	1	1	1	1	1	1	0	1	0	0	1	1	1	0	1	0	1	1	0	1	0	1	1	1	1	0	0	1	1	0	1	0	0	0	1	0	0	0	1	1	1	0	1	0	1	0	1	0	1	0	1	0	1	1	0	0	1	1	0	0	0	0	0	0	0	1	1	1	0	0	1	1	0	0	1	0	0	0	0	1	0	1	1	0	1	1	1	0	0	0	0	0	0	0	1	0	0	0	1	0	1	0	0	0	0
"VS007_Ofi_826_1_ISSR_826__18"	0	1	0	0	0	0	0	1	1	0	0	0	1	0	0	0	1	1	0	0	0	0	1	1	1	1	1	1	1	0	1	0	1	0	1	0	1	1	1	1	1	1	0	0	1	0	1	1	1	1	1	1	1	0	0	0	1	1	0	0	1	1	1	0	1	0	1	0	0	1	1	0	1	0	1	0	1	1	1	0	1	1	1	1	1	0	1	1	0	1	0	0	1	1	1	1	0	1	1	1	1	1	0	1	0	1	1	1	1	1	0	1	0	1	0	1	1	1	0	0	0	1	0	0	1	1	1	1	0	1	1	0	0	1	0	0	0	0	1	0	1	1	0	1	1	1	0	0	0	0	1	0	1	1	1	0	0	1	1	0	1	0	0	0
"VS007_Ofi_826_2_ISSR_826__01"	0	1	0	0	0	0	0	0	0	0	0	0	0	0	0	0	0	0	0	0	0	0	1	1	1	0	1	1	1	0	1	0	0	0	1	0	1	1	1	1	1	1	0	0	1	0	1	1	0	0	0	1	0	0	0	0	1	1	0	0	1	0	0	0	1	0	0	0	0	1	1	1	0	1	1	0	1	0	1	0	1	1	1	1	0	0	1	1	0	1	0	0	1	1	1	0	0	1	0	1	0	1	0	1	0	1	0	1	0	1	0	1	0	1	0	1	1	0	0	0	0	1	0	0	1	1	1	0	0	0	0	0	0	0	0	0	0	0	1	0	1	1	0	1	1	0	0	0	0	0	1	0	0	1	0	0	0	0	0	0	1	0	0	0
"VS008_Ofi_826_1_ISSR_826__21"	0	1	0	0	0	0	0	0	0	0	0	0	0	0	0	0	0	0	1	0	0	0	1	1	1	0	1	1	1	0	1	0	1	0	1	0	1	0	0	1	1	1	0	0	1	0	1	1	0	0	0	1	0	0	0	0	1	1	0	0	1	0	0	0	1	0	1	0	0	0	1	0	1	0	1	0	1	0	1	0	1	1	1	1	0	0	1	1	0	1	0	0	1	1	1	0	0	1	0	1	0	1	0	1	0	1	0	1	0	1	0	1	1	0	0	1	1	0	0	0	0	1	0	0	1	1	1	0	0	0	0	0	0	1	0	0	0	0	1	0	1	1	0	1	1	0	0	0	0	0	1	0	0	1	0	0	0	1	0	0	0	0	0	0
"VS008_Ofi_826_2_ISSR_826__04"	0	1	0	0	0	0	0	0	0	0	0	0	0	0	1	0	1	0	0	0	0	0	0	1	1	0	0	1	1	0	1	0	1	0	1	0	1	0	0	0	1	1	0	0	1	0	1	1	0	0	0	1	0	0	0	0	1	1	0	0	0	0	0	0	1	0	0	0	0	0	1	0	1	0	1	0	1	0	1	0	1	1	1	1	0	0	1	1	0	1	0	0	1	1	1	0	0	1	0	1	0	1	0	1	0	1	0	1	0	1	0	1	0	1	0	1	1	0	0	0	0	1	0	0	1	1	1	0	0	0	0	0	0	0	0	0	0	0	0	1	0	0	0	1	1	0	0	0	0	0	0	0	0	1	0	0	0	0	0	0	0	0	0	0
"VS043_Os_ISSR826_R1_ISSR_826__02"	0	0	0	0	0	0	0	0	1	0	0	0	0	0	0	0	1	0	0	0	0	0	1	0	0	1	1	1	1	0	1	0	1	0	1	0	1	1	1	1	1	1	0	0	0	0	1	0	0	0	0	1	1	0	1	0	0	0	1	0	0	0	0	0	0	0	0	0	0	0	0	0	0	1	1	0	0	1	1	0	1	0	0	1	1	0	0	0	0	1	0	0	1	0	1	0	1	0	0	1	0	1	0	1	0	1	0	1	0	1	1	0	0	1	0	1	1	0	1	1	0	1	1	1	1	1	1	0	1	1	1	0	0	0	0	0	0	0	1	0	0	0	0	0	1	0	1	0	0	1	1	0	1	1	0	0	1	0	0	0	0	1	0	1
"VS043_Os_ISSR826_R2_ISSR_826__17"	0	0	0	0	1	0	1	0	1	0	0	0	0	0	1	1	1	0	1	0	0	0	1	0	0	1	1	1	1	0	1	0	1	0	1	0	1	1	1	1	1	1	0	0	0	0	1	0	1	0	0	1	1	0	1	1	0	0	0	1	1	0	0	0	1	0	0	0	0	0	1	0	0	1	1	0	0	1	1	1	1	0	1	1	1	0	1	1	0	1	0	1	1	0	1	0	1	0	0	1	0	1	0	1	0	1	1	1	1	1	1	0	1	1	0	1	1	1	1	1	0	1	1	1	1	1	1	0	1	0	1	1	0	0	0	0	0	0	1	0	0	0	0	1	1	0	1	1	0	1	1	1	1	1	1	0	1	0	0	0	0	1	0	1
"VS053_Os_ISSR826_R1_ISSR_826__05"	1	0	0	0	1	0	0	0	0	0	0	0	0	0	1	0	1	0	0	0	0	1	1	0	0	0	1	1	1	0	1	0	0	0	1	0	1	1	1	1	1	1	0	0	1	0	1	0	0	0	0	1	1	0	1	0	0	0	1	0	1	0	0	0	0	1	1	1	1	0	0	0	0	1	1	0	1	0	1	1	1	0	0	1	0	1	0	1	0	1	0	0	1	1	1	1	0	1	0	1	0	1	0	1	0	1	0	1	0	1	0	1	0	1	0	1	1	0	0	1	0	1	1	1	1	1	1	0	1	1	1	0	0	0	0	0	0	0	1	0	0	1	0	1	1	0	1	1	0	1	0	0	0	1	0	0	0	0	0	0	0	1	0	1
"VS053_Os_ISSR826_R2_ISSR_826__20"	0	0	0	1	1	0	0	0	0	0	0	0	0	0	0	0	0	0	1	0	0	1	1	0	0	0	1	1	1	0	1	0	0	0	1	0	1	1	1	1	1	1	0	0	0	0	1	0	0	0	0	0	1	0	1	1	0	0	0	0	0	0	0	0	0	1	1	1	1	0	0	0	0	0	1	0	1	0	1	0	0	0	0	0	0	1	0	0	0	1	0	0	0	0	1	0	0	0	0	1	0	1	0	1	0	0	0	1	0	1	1	0	1	1	0	1	1	0	0	1	0	0	0	1	1	1	1	0	0	0	0	0	0	0	0	0	0	0	1	0	0	0	0	0	0	0	1	0	1	0	0	0	0	0	0	0	1	1	1	0	1	1	0	1
"VS055_Os_ISSR826_R1_ISSR_826__08"	0	0	1	1	1	1	1	0	1	0	0	0	0	0	0	0	1	0	0	0	0	1	1	1	0	1	1	1	1	0	1	0	1	1	1	0	1	1	1	1	1	1	0	0	0	0	1	1	1	0	0	1	1	0	1	0	0	0	1	0	1	1	0	1	0	1	1	1	1	0	0	0	0	1	1	0	0	1	1	0	0	0	1	0	0	1	0	0	0	1	0	1	1	0	1	0	1	0	0	1	0	1	0	1	0	0	0	1	1	1	1	0	1	1	0	1	1	0	1	1	1	1	0	1	1	1	1	1	0	1	1	1	0	0	1	0	0	0	0	1	0	0	0	1	1	0	1	0	0	1	1	0	1	1	1	0	0	0	0	0	0	1	0	1
"VS055_Os_ISSR826_R2_ISSR_826__23"	0	0	1	1	1	1	1	0	1	0	0	0	0	0	1	0	1	0	0	0	0	0	1	1	0	0	1	1	1	0	1	0	1	0	1	0	1	1	1	1	1	1	0	0	0	0	0	1	0	0	0	0	1	0	1	0	0	0	1	0	1	1	0	1	0	1	1	1	1	0	0	0	0	0	1	0	0	1	1	0	0	0	1	0	1	1	0	0	0	1	0	1	1	0	1	0	1	1	0	1	0	1	0	1	0	1	0	1	1	1	1	0	1	1	0	1	1	1	1	1	1	1	0	1	1	1	1	1	1	1	1	1	0	0	1	0	0	0	1	0	0	0	0	1	1	0	1	0	0	1	1	1	1	1	1	0	1	0	1	0	0	1	0	1
"VS146_Klein_ISSR826_R1_ISSR_826__08"	0	1	0	0	0	0	0	0	0	0	0	0	0	0	0	0	1	0	0	0	0	0	0	0	0	0	0	0	1	0	0	0	0	1	1	0	1	1	1	0	1	1	0	0	1	0	1	1	0	0	0	1	1	0	0	0	0	0	0	0	0	0	0	0	1	0	0	0	0	1	0	0	0	1	1	0	1	0	1	0	0	0	1	0	0	1	1	0	1	0	1	1	0	1	0	0	0	1	0	1	0	0	0	1	0	1	0	0	0	1	0	1	1	1	0	1	1	0	0	0	0	0	0	0	1	1	0	0	0	0	0	0	0	0	0	0	0	0	0	1	0	0	1	0	0	1	0	0	0	0	0	0	0	1	0	0	0	0	1	0	1	0	1	1
"VS146_Klein_ISSR826_R2_ISSR_826__10"	0	1	0	0	0	0	0	0	0	0	0	0	0	0	0	0	1	0	0	0	0	0	0	0	0	0	0	0	0	0	0	0	0	0	0	0	0	0	0	0	1	1	0	0	1	0	1	0	0	0	0	0	1	0	0	0	0	0	0	0	0	0	0	0	1	0	0	0	0	0	0	0	0	0	1	0	1	0	0	0	0	0	1	0	0	0	1	1	0	1	0	0	1	1	0	0	0	0	0	0	0	0	0	0	0	0	0	0	0	0	0	1	1	0	0	1	1	0	0	0	0	0	0	0	0	1	0	0	0	0	0	0	0	0	0	0	0	0	1	0	0	0	0	0	0	0	0	0	0	0	0	0	0	1	0	0	0	0	0	0	1	0	0	0
"VS149_Klein_ISSR826_R1_ISSR_826__11"	0	0	0	0	0	0	0	0	0	0	0	0	0	0	0	0	0	0	0	0	0	0	0	0	0	0	0	1	0	0	1	0	0	0	0	0	1	0	1	1	1	0	0	0	1	0	1	0	0	0	0	0	1	0	0	0	0	0	0	0	0	0	0	0	0	0	0	0	0	1	0	0	1	0	1	0	1	0	1	0	1	0	1	0	0	0	0	1	0	1	0	0	1	1	1	0	1	0	0	1	0	0	0	1	0	1	0	0	0	1	0	1	1	1	0	1	1	0	0	0	0	0	0	0	1	1	0	0	0	0	0	0	0	0	0	0	1	0	0	0	0	0	0	0	0	0	0	0	0	0	0	0	0	1	0	0	0	0	1	0	0	0	0	0
"VS149_Klein_ISSR826_R2_ISSR_826__13"	1	1	0	0	0	0	0	0	0	0	0	0	0	0	0	0	0	0	0	0	0	0	0	0	0	0	0	1	1	0	0	0	0	0	0	0	1	1	0	1	1	1	0	0	1	0	1	1	0	0	0	1	1	0	0	0	0	0	0	0	0	0	0	0	1	0	0	0	0	0	1	0	0	0	1	1	1	0	1	0	0	0	1	0	0	0	1	1	0	1	0	0	1	1	0	0	1	1	0	1	0	0	0	1	0	1	0	0	0	1	0	1	1	0	1	1	1	0	0	0	0	0	0	0	0	1	0	0	0	0	0	0	0	0	0	0	0	0	1	0	0	0	0	0	1	1	0	0	0	0	1	0	1	1	0	0	1	0	0	0	1	0	0	1
"VS150_Klein_ISSR826_R1_ISSR_826__14"	0	0	0	0	0	0	0	0	0	0	0	0	0	0	0	0	0	0	0	0	0	0	0	0	0	0	0	0	0	0	0	0	0	0	0	0	1	0	1	1	1	0	0	0	0	1	0	0	0	0	0	0	1	0	0	0	0	0	0	0	0	0	0	0	0	0	0	0	0	0	0	0	0	1	1	0	1	0	1	0	0	1	1	1	0	0	1	1	0	1	0	0	0	1	0	1	0	1	0	1	0	1	0	1	0	1	0	1	1	1	0	1	1	1	0	1	1	0	0	0	0	0	0	0	1	1	1	0	0	0	0	0	0	0	0	1	0	0	0	0	1	0	0	0	0	0	0	0	0	0	0	0	0	1	0	0	0	0	1	0	0	0	0	0
"VS150_Klein_ISSR826_R2_ISSR_826__16"	0	1	0	0	0	0	0	0	0	0	0	0	0	0	0	0	1	0	0	0	0	0	0	0	0	0	0	0	1	0	0	1	1	0	1	0	1	1	1	1	1	1	0	1	1	0	1	1	0	0	0	1	1	0	0	0	0	0	0	0	0	0	0	0	1	0	0	0	0	0	0	0	1	0	1	1	1	0	1	0	0	0	1	0	0	0	1	0	1	0	1	1	0	1	0	0	0	1	0	1	0	0	0	1	0	1	0	0	0	1	0	1	1	1	0	1	1	0	0	0	0	0	0	0	1	1	1	0	0	0	0	0	0	0	0	0	0	0	1	0	0	0	0	0	0	1	0	0	0	0	0	0	0	1	0	0	0	0	1	0	1	0	1	1
"VS152_Hof_ISSR826_R1_ISSR_826__17"	0	0	0	0	0	0	0	0	0	1	0	0	0	0	0	0	0	0	0	0	0	0	0	0	0	0	1	1	1	0	1	0	0	1	1	0	1	0	1	1	1	1	0	0	1	0	1	1	0	0	0	0	0	0	0	0	0	0	0	0	0	0	0	0	1	0	0	0	0	0	0	0	1	0	1	0	1	0	1	0	0	0	1	0	0	0	0	1	0	1	0	0	1	1	1	1	0	1	0	1	0	0	0	1	0	1	0	0	0	0	0	1	0	0	0	1	0	0	0	0	0	0	0	0	1	1	0	0	0	0	0	0	0	0	0	0	0	0	1	0	0	0	0	0	0	0	0	0	0	0	0	0	0	0	0	0	0	0	1	0	1	0	0	0
"VS152_Hof_ISSR826_R2_ISSR_826__19"	0	0	0	0	0	0	0	0	0	0	0	0	0	0	0	0	0	0	0	0	0	0	0	0	1	0	1	1	1	0	0	0	0	0	0	0	1	0	0	1	1	1	0	0	1	0	1	1	0	0	0	0	1	0	0	0	0	0	0	0	0	0	0	0	0	0	0	0	0	0	0	0	0	0	1	1	0	0	0	0	0	0	1	0	0	0	0	1	0	1	0	0	0	0	0	0	0	0	0	0	0	0	0	0	0	0	0	0	0	0	0	1	0	0	0	1	0	0	0	0	0	1	0	0	0	0	0	0	0	0	0	0	0	0	0	0	0	0	1	0	0	0	0	0	0	0	0	0	0	0	0	0	1	1	0	0	0	0	1	0	1	0	0	0
"VS154_Hof_ISSR826_R1_ISSR_826__23"	0	0	0	0	0	0	0	0	1	1	0	0	0	0	0	0	0	0	0	0	0	0	0	0	0	0	1	1	1	0	1	0	0	1	1	0	1	1	1	1	1	1	0	0	1	0	1	1	0	0	0	0	0	0	0	0	0	0	0	0	0	0	0	0	1	0	0	0	0	1	1	0	1	0	1	1	1	0	1	0	0	0	1	0	0	0	1	0	1	0	1	1	0	1	0	1	0	1	0	1	0	0	0	1	0	1	0	0	0	1	0	1	1	1	0	1	1	0	0	0	0	0	0	0	1	1	0	0	0	0	0	0	0	0	0	0	0	0	1	0	0	0	0	0	0	0	0	0	0	0	0	0	0	0	0	0	0	0	1	0	1	0	0	0
"VS154_Hof_ISSR826_R2_ISSR_826__02"	0	0	0	0	0	0	0	0	0	0	0	0	0	0	0	0	0	0	0	0	0	0	0	0	0	0	0	0	0	0	0	0	0	0	0	0	1	0	0	1	1	1	0	0	0	0	1	0	0	0	0	0	0	0	0	0	0	0	0	0	0	0	0	0	0	0	0	0	0	0	0	0	0	0	1	0	0	0	0	0	0	0	0	0	0	0	0	0	1	0	1	1	0	0	0	0	0	0	0	0	0	0	0	0	0	0	0	0	0	0	0	1	0	0	0	0	0	0	0	0	0	0	0	0	0	0	0	0	0	0	0	0	0	0	0	0	0	0	1	0	0	0	0	0	0	0	0	0	0	0	0	0	0	0	0	0	0	0	1	0	0	0	0	0
