1 1 (0) 1 : 0.726 0.274
2 2 (0) 1 : 0.727 0.273
3 3 (0) 1 : 0.367 0.633
4 4 (0) 1 : 0.884 0.116
5 5 (0) 1 : 0.947 0.053
6 6 (0) 1 : 0.793 0.207
7 7 (0) 1 : 0.959 0.041
8 8 (0) 1 : 0.975 0.025
9 9 (0) 1 : 0.959 0.041
10 10 (0) 1 : 0.913 0.087
11 11 (0) 1 : 0.790 0.210
12 12 (0) 1 : 0.354 0.646
13 13 (0) 1 : 0.766 0.234
14 14 (0) 1 : 0.178 0.822
15 15 (0) 1 : 0.950 0.050
16 16 (0) 1 : 0.944 0.056
17 17 (0) 1 : 0.887 0.113
18 18 (0) 1 : 0.921 0.079
19 19 (0) 1 : 0.955 0.045
20 20 (0) 1 : 0.799 0.201
21 21 (0) 1 : 0.909 0.091
22 22 (0) 2 : 0.680 0.320
23 23 (0) 2 : 0.119 0.881
24 24 (0) 2 : 0.786 0.214
25 25 (0) 2 : 0.032 0.968
26 26 (0) 2 : 0.396 0.604
27 27 (0) 2 : 0.838 0.162
28 28 (0) 2 : 0.147 0.853
29 29 (0) 2 : 0.095 0.905
30 30 (0) 2 : 0.860 0.140
31 31 (0) 2 : 0.843 0.157
32 32 (0) 2 : 0.845 0.155
33 33 (0) 2 : 0.951 0.049
34 34 (0) 2 : 0.048 0.952
35 35 (0) 2 : 0.257 0.743
36 36 (0) 2 : 0.951 0.049
37 37 (0) 2 : 0.357 0.643
38 38 (0) 2 : 0.854 0.146
39 39 (0) 2 : 0.918 0.082
40 40 (0) 2 : 0.891 0.109
41 41 (0) 2 : 0.713 0.287
42 42 (0) 2 : 0.938 0.062
43 43 (0) 2 : 0.319 0.681
44 44 (0) 2 : 0.437 0.563
45 45 (0) 2 : 0.945 0.055
46 46 (0) 2 : 0.882 0.118
47 47 (0) 3 : 0.805 0.195
48 48 (0) 3 : 0.865 0.135
49 49 (0) 3 : 0.135 0.865
50 50 (0) 3 : 0.947 0.053
51 51 (0) 3 : 0.941 0.059
52 52 (0) 3 : 0.950 0.050
53 53 (0) 3 : 0.906 0.094
54 54 (0) 3 : 0.339 0.661
55 55 (0) 3 : 0.880 0.120
56 56 (0) 3 : 0.790 0.210
57 57 (0) 3 : 0.949 0.051
58 58 (0) 3 : 0.810 0.190
59 59 (0) 3 : 0.869 0.131
60 60 (0) 3 : 0.892 0.108
61 61 (0) 3 : 0.961 0.039
62 62 (0) 3 : 0.961 0.039
63 63 (0) 3 : 0.848 0.152
64 64 (0) 3 : 0.493 0.507
65 65 (0) 3 : 0.875 0.125
66 66 (0) 3 : 0.947 0.053
67 67 (0) 3 : 0.947 0.053
68 68 (0) 4 : 0.053 0.947
69 69 (0) 4 : 0.420 0.580
70 70 (0) 4 : 0.053 0.947
71 71 (0) 4 : 0.053 0.947
72 72 (0) 4 : 0.060 0.940
73 73 (0) 4 : 0.202 0.798
74 74 (0) 4 : 0.083 0.917
75 75 (0) 4 : 0.089 0.911
76 76 (0) 4 : 0.091 0.909
77 77 (0) 4 : 0.043 0.957
78 78 (0) 4 : 0.129 0.871
79 79 (0) 4 : 0.062 0.938
80 80 (0) 4 : 0.068 0.932
81 81 (0) 4 : 0.043 0.957
82 82 (0) 4 : 0.143 0.857
83 83 (0) 4 : 0.050 0.950
84 84 (0) 4 : 0.050 0.950
85 85 (0) 4 : 0.043 0.957
86 86 (0) 4 : 0.098 0.902
87 87 (0) 4 : 0.069 0.931
88 88 (0) 4 : 0.043 0.957
89 89 (0) 4 : 0.045 0.955
90 90 (0) 4 : 0.030 0.970
91 91 (0) 4 : 0.063 0.937
92 92 (0) 4 : 0.023 0.977
93 93 (0) 5 : 0.955 0.045
94 94 (0) 5 : 0.076 0.924
95 95 (0) 5 : 0.893 0.107
96 96 (0) 5 : 0.963 0.037
97 97 (0) 5 : 0.859 0.141
98 98 (0) 5 : 0.865 0.135
99 99 (0) 6 : 0.319 0.681
100 100 (0) 6 : 0.926 0.074
101 101 (0) 6 : 0.201 0.799
102 102 (0) 6 : 0.878 0.122
103 103 (0) 6 : 0.085 0.915
104 104 (0) 6 : 0.066 0.934
105 105 (0) 6 : 0.405 0.595
106 106 (0) 6 : 0.844 0.156
107 107 (0) 6 : 0.029 0.971
108 108 (0) 6 : 0.032 0.968
109 109 (0) 6 : 0.062 0.938
110 110 (0) 6 : 0.946 0.054
111 111 (0) 6 : 0.423 0.577
112 112 (0) 6 : 0.533 0.467
113 113 (0) 6 : 0.259 0.741
114 114 (0) 6 : 0.402 0.598
115 115 (0) 6 : 0.049 0.951
116 116 (0) 6 : 0.713 0.287
117 117 (0) 7 : 0.962 0.038
118 118 (0) 7 : 0.963 0.037
119 119 (0) 7 : 0.961 0.039
120 120 (0) 7 : 0.865 0.135
121 121 (0) 7 : 0.818 0.182
122 122 (0) 7 : 0.893 0.107
123 123 (0) 7 : 0.943 0.057
124 124 (0) 7 : 0.913 0.087
125 125 (0) 7 : 0.937 0.063
126 126 (0) 7 : 0.906 0.094
127 127 (0) 7 : 0.916 0.084
128 128 (0) 7 : 0.781 0.219
129 129 (0) 7 : 0.361 0.639
130 130 (0) 7 : 0.246 0.754
131 131 (0) 7 : 0.950 0.050
132 132 (0) 7 : 0.582 0.418
133 133 (0) 7 : 0.904 0.096
134 134 (0) 7 : 0.381 0.619
135 135 (0) 7 : 0.820 0.180
136 136 (0) 7 : 0.932 0.068
137 137 (0) 7 : 0.898 0.102
138 138 (0) 7 : 0.941 0.059
139 139 (0) 7 : 0.133 0.867
140 140 (0) 7 : 0.419 0.581
141 141 (0) 7 : 0.473 0.527
142 142 (0) 7 : 0.913 0.087
143 143 (0) 8 : 0.172 0.828
144 144 (0) 8 : 0.331 0.669
145 145 (0) 8 : 0.168 0.832
146 146 (0) 8 : 0.290 0.710
147 147 (0) 8 : 0.212 0.788
148 148 (0) 8 : 0.030 0.970
149 149 (0) 8 : 0.253 0.747
150 150 (0) 8 : 0.513 0.487
151 151 (0) 8 : 0.030 0.970
152 152 (0) 8 : 0.153 0.847
153 153 (0) 8 : 0.114 0.886
154 154 (0) 8 : 0.203 0.797
155 155 (0) 8 : 0.509 0.491
156 156 (0) 8 : 0.354 0.646
157 157 (0) 8 : 0.164 0.836
158 158 (0) 8 : 0.092 0.908
159 159 (0) 8 : 0.242 0.758
160 160 (0) 8 : 0.681 0.319
161 161 (0) 8 : 0.075 0.925
162 162 (0) 8 : 0.387 0.613
163 163 (0) 8 : 0.963 0.037
164 164 (0) 8 : 0.057 0.943
165 165 (0) 8 : 0.053 0.947
166 166 (0) 8 : 0.093 0.907
167 167 (0) 8 : 0.157 0.843
168 168 (0) 8 : 0.188 0.812
169 169 (0) 8 : 0.153 0.847
170 170 (0) 8 : 0.043 0.957
171 171 (0) 8 : 0.075 0.925
1 1 (0) 1 : 0.312 0.688
2 2 (0) 1 : 0.300 0.700
3 3 (0) 1 : 0.674 0.326
4 4 (0) 1 : 0.093 0.907
5 5 (0) 1 : 0.040 0.960
6 6 (0) 1 : 0.161 0.839
7 7 (0) 1 : 0.039 0.961
8 8 (0) 1 : 0.025 0.975
9 9 (0) 1 : 0.043 0.957
10 10 (0) 1 : 0.096 0.904
11 11 (0) 1 : 0.220 0.780
12 12 (0) 1 : 0.633 0.367
13 13 (0) 1 : 0.220 0.780
14 14 (0) 1 : 0.809 0.191
15 15 (0) 1 : 0.054 0.946
16 16 (0) 1 : 0.071 0.929
17 17 (0) 1 : 0.100 0.900
18 18 (0) 1 : 0.068 0.932
19 19 (0) 1 : 0.049 0.951
20 20 (0) 1 : 0.213 0.787
21 21 (0) 1 : 0.120 0.880
22 22 (0) 2 : 0.355 0.645
23 23 (0) 2 : 0.890 0.110
24 24 (0) 2 : 0.237 0.763
25 25 (0) 2 : 0.962 0.038
26 26 (0) 2 : 0.493 0.507
27 27 (0) 2 : 0.177 0.823
28 28 (0) 2 : 0.853 0.147
29 29 (0) 2 : 0.903 0.097
30 30 (0) 2 : 0.138 0.862
31 31 (0) 2 : 0.195 0.805
32 32 (0) 2 : 0.200 0.800
33 33 (0) 2 : 0.107 0.893
34 34 (0) 2 : 0.930 0.070
35 35 (0) 2 : 0.779 0.221
36 36 (0) 2 : 0.049 0.951
37 37 (0) 2 : 0.635 0.365
38 38 (0) 2 : 0.165 0.835
39 39 (0) 2 : 0.093 0.907
40 40 (0) 2 : 0.159 0.841
41 41 (0) 2 : 0.361 0.639
42 42 (0) 2 : 0.080 0.920
43 43 (0) 2 : 0.609 0.391
44 44 (0) 2 : 0.547 0.453
45 45 (0) 2 : 0.072 0.928
46 46 (0) 2 : 0.142 0.858
47 47 (0) 3 : 0.203 0.797
48 48 (0) 3 : 0.158 0.842
49 49 (0) 3 : 0.855 0.145
50 50 (0) 3 : 0.063 0.937
51 51 (0) 3 : 0.066 0.934
52 52 (0) 3 : 0.052 0.948
53 53 (0) 3 : 0.132 0.868
54 54 (0) 3 : 0.605 0.395
55 55 (0) 3 : 0.136 0.864
56 56 (0) 3 : 0.195 0.805
57 57 (0) 3 : 0.037 0.963
58 58 (0) 3 : 0.178 0.822
59 59 (0) 3 : 0.137 0.863
60 60 (0) 3 : 0.111 0.889
61 61 (0) 3 : 0.039 0.961
62 62 (0) 3 : 0.042 0.958
63 63 (0) 3 : 0.170 0.830
64 64 (0) 3 : 0.537 0.463
65 65 (0) 3 : 0.159 0.841
66 66 (0) 3 : 0.040 0.960
67 67 (0) 3 : 0.071 0.929
68 68 (0) 4 : 0.954 0.046
69 69 (0) 4 : 0.518 0.482
70 70 (0) 4 : 0.945 0.055
71 71 (0) 4 : 0.945 0.055
72 72 (0) 4 : 0.930 0.070
73 73 (0) 4 : 0.791 0.209
74 74 (0) 4 : 0.908 0.092
75 75 (0) 4 : 0.884 0.116
76 76 (0) 4 : 0.857 0.143
77 77 (0) 4 : 0.949 0.051
78 78 (0) 4 : 0.830 0.170
79 79 (0) 4 : 0.923 0.077
80 80 (0) 4 : 0.943 0.057
81 81 (0) 4 : 0.959 0.041
82 82 (0) 4 : 0.853 0.147
83 83 (0) 4 : 0.949 0.051
84 84 (0) 4 : 0.950 0.050
85 85 (0) 4 : 0.952 0.048
86 86 (0) 4 : 0.908 0.092
87 87 (0) 4 : 0.930 0.070
88 88 (0) 4 : 0.949 0.051
89 89 (0) 4 : 0.951 0.049
90 90 (0) 4 : 0.969 0.031
91 91 (0) 4 : 0.919 0.081
92 92 (0) 4 : 0.976 0.024
93 93 (0) 5 : 0.042 0.958
94 94 (0) 5 : 0.934 0.066
95 95 (0) 5 : 0.107 0.893
96 96 (0) 5 : 0.038 0.962
97 97 (0) 5 : 0.136 0.864
98 98 (0) 5 : 0.174 0.826
99 99 (0) 6 : 0.665 0.335
100 100 (0) 6 : 0.097 0.903
101 101 (0) 6 : 0.781 0.219
102 102 (0) 6 : 0.116 0.884
103 103 (0) 6 : 0.935 0.065
104 104 (0) 6 : 0.935 0.065
105 105 (0) 6 : 0.599 0.401
106 106 (0) 6 : 0.203 0.797
107 107 (0) 6 : 0.971 0.029
108 108 (0) 6 : 0.972 0.028
109 109 (0) 6 : 0.933 0.067
110 110 (0) 6 : 0.066 0.934
111 111 (0) 6 : 0.558 0.442
112 112 (0) 6 : 0.504 0.496
113 113 (0) 6 : 0.712 0.288
114 114 (0) 6 : 0.687 0.313
115 115 (0) 6 : 0.960 0.040
116 116 (0) 6 : 0.244 0.756
117 117 (0) 7 : 0.042 0.958
118 118 (0) 7 : 0.042 0.958
119 119 (0) 7 : 0.046 0.954
120 120 (0) 7 : 0.126 0.874
121 121 (0) 7 : 0.178 0.822
122 122 (0) 7 : 0.099 0.901
123 123 (0) 7 : 0.054 0.946
124 124 (0) 7 : 0.093 0.907
125 125 (0) 7 : 0.058 0.942
126 126 (0) 7 : 0.100 0.900
127 127 (0) 7 : 0.072 0.928
128 128 (0) 7 : 0.192 0.808
129 129 (0) 7 : 0.531 0.469
130 130 (0) 7 : 0.814 0.186
131 131 (0) 7 : 0.056 0.944
132 132 (0) 7 : 0.353 0.647
133 133 (0) 7 : 0.090 0.910
134 134 (0) 7 : 0.539 0.461
135 135 (0) 7 : 0.157 0.843
136 136 (0) 7 : 0.076 0.924
137 137 (0) 7 : 0.093 0.907
138 138 (0) 7 : 0.070 0.930
139 139 (0) 7 : 0.806 0.194
140 140 (0) 7 : 0.466 0.534
141 141 (0) 7 : 0.451 0.549
142 142 (0) 7 : 0.105 0.895
143 143 (0) 8 : 0.668 0.332
144 144 (0) 8 : 0.604 0.396
145 145 (0) 8 : 0.754 0.246
146 146 (0) 8 : 0.640 0.360
147 147 (0) 8 : 0.789 0.211
148 148 (0) 8 : 0.965 0.035
149 149 (0) 8 : 0.729 0.271
150 150 (0) 8 : 0.467 0.533
151 151 (0) 8 : 0.961 0.039
152 152 (0) 8 : 0.792 0.208
153 153 (0) 8 : 0.874 0.126
154 154 (0) 8 : 0.742 0.258
155 155 (0) 8 : 0.485 0.515
156 156 (0) 8 : 0.593 0.407
157 157 (0) 8 : 0.846 0.154
158 158 (0) 8 : 0.869 0.131
159 159 (0) 8 : 0.730 0.270
160 160 (0) 8 : 0.329 0.671
161 161 (0) 8 : 0.942 0.058
162 162 (0) 8 : 0.629 0.371
163 163 (0) 8 : 0.045 0.955
164 164 (0) 8 : 0.933 0.067
165 165 (0) 8 : 0.940 0.060
166 166 (0) 8 : 0.862 0.138
167 167 (0) 8 : 0.833 0.167
168 168 (0) 8 : 0.806 0.194
169 169 (0) 8 : 0.840 0.160
170 170 (0) 8 : 0.955 0.045
171 171 (0) 8 : 0.907 0.093
1 1 (0) 1 : 0.359 0.641
2 2 (0) 1 : 0.274 0.726
3 3 (0) 1 : 0.708 0.292
4 4 (0) 1 : 0.128 0.872
5 5 (0) 1 : 0.058 0.942
6 6 (0) 1 : 0.243 0.757
7 7 (0) 1 : 0.055 0.945
8 8 (0) 1 : 0.036 0.964
9 9 (0) 1 : 0.056 0.944
10 10 (0) 1 : 0.113 0.887
11 11 (0) 1 : 0.265 0.735
12 12 (0) 1 : 0.631 0.369
13 13 (0) 1 : 0.219 0.781
14 14 (0) 1 : 0.764 0.236
15 15 (0) 1 : 0.058 0.942
16 16 (0) 1 : 0.081 0.919
17 17 (0) 1 : 0.114 0.886
18 18 (0) 1 : 0.107 0.893
19 19 (0) 1 : 0.059 0.941
20 20 (0) 1 : 0.236 0.764
21 21 (0) 1 : 0.110 0.890
22 22 (0) 2 : 0.467 0.533
23 23 (0) 2 : 0.846 0.154
24 24 (0) 2 : 0.438 0.562
25 25 (0) 2 : 0.947 0.053
26 26 (0) 2 : 0.613 0.387
27 27 (0) 2 : 0.216 0.784
28 28 (0) 2 : 0.847 0.153
29 29 (0) 2 : 0.915 0.085
30 30 (0) 2 : 0.183 0.817
31 31 (0) 2 : 0.221 0.779
32 32 (0) 2 : 0.235 0.765
33 33 (0) 2 : 0.079 0.921
34 34 (0) 2 : 0.940 0.060
35 35 (0) 2 : 0.688 0.312
36 36 (0) 2 : 0.065 0.935
37 37 (0) 2 : 0.608 0.392
38 38 (0) 2 : 0.183 0.817
39 39 (0) 2 : 0.114 0.886
40 40 (0) 2 : 0.142 0.858
41 41 (0) 2 : 0.348 0.652
42 42 (0) 2 : 0.093 0.907
43 43 (0) 2 : 0.685 0.315
44 44 (0) 2 : 0.595 0.405
45 45 (0) 2 : 0.085 0.915
46 46 (0) 2 : 0.271 0.729
47 47 (0) 3 : 0.309 0.691
48 48 (0) 3 : 0.146 0.854
49 49 (0) 3 : 0.808 0.192
50 50 (0) 3 : 0.084 0.916
51 51 (0) 3 : 0.103 0.897
52 52 (0) 3 : 0.066 0.934
53 53 (0) 3 : 0.146 0.854
54 54 (0) 3 : 0.654 0.346
55 55 (0) 3 : 0.148 0.852
56 56 (0) 3 : 0.200 0.800
57 57 (0) 3 : 0.053 0.947
58 58 (0) 3 : 0.228 0.772
59 59 (0) 3 : 0.218 0.782
60 60 (0) 3 : 0.146 0.854
61 61 (0) 3 : 0.057 0.943
62 62 (0) 3 : 0.059 0.941
63 63 (0) 3 : 0.194 0.806
64 64 (0) 3 : 0.571 0.429
65 65 (0) 3 : 0.201 0.799
66 66 (0) 3 : 0.062 0.938
67 67 (0) 3 : 0.093 0.907
68 68 (0) 4 : 0.929 0.071
69 69 (0) 4 : 0.640 0.360
70 70 (0) 4 : 0.926 0.074
71 71 (0) 4 : 0.932 0.068
72 72 (0) 4 : 0.911 0.089
73 73 (0) 4 : 0.776 0.224
74 74 (0) 4 : 0.888 0.112
75 75 (0) 4 : 0.874 0.126
76 76 (0) 4 : 0.848 0.152
77 77 (0) 4 : 0.918 0.082
78 78 (0) 4 : 0.843 0.157
79 79 (0) 4 : 0.887 0.113
80 80 (0) 4 : 0.943 0.057
81 81 (0) 4 : 0.954 0.046
82 82 (0) 4 : 0.833 0.167
83 83 (0) 4 : 0.930 0.070
84 84 (0) 4 : 0.934 0.066
85 85 (0) 4 : 0.931 0.069
86 86 (0) 4 : 0.896 0.104
87 87 (0) 4 : 0.906 0.094
88 88 (0) 4 : 0.938 0.062
89 89 (0) 4 : 0.918 0.082
90 90 (0) 4 : 0.951 0.049
91 91 (0) 4 : 0.895 0.105
92 92 (0) 4 : 0.970 0.030
93 93 (0) 5 : 0.064 0.936
94 94 (0) 5 : 0.883 0.117
95 95 (0) 5 : 0.183 0.817
96 96 (0) 5 : 0.046 0.954
97 97 (0) 5 : 0.222 0.778
98 98 (0) 5 : 0.214 0.786
99 99 (0) 6 : 0.724 0.276
100 100 (0) 6 : 0.129 0.871
101 101 (0) 6 : 0.795 0.205
102 102 (0) 6 : 0.199 0.801
103 103 (0) 6 : 0.909 0.091
104 104 (0) 6 : 0.926 0.074
105 105 (0) 6 : 0.550 0.450
106 106 (0) 6 : 0.204 0.796
107 107 (0) 6 : 0.955 0.045
108 108 (0) 6 : 0.964 0.036
109 109 (0) 6 : 0.927 0.073
110 110 (0) 6 : 0.081 0.919
111 111 (0) 6 : 0.663 0.337
112 112 (0) 6 : 0.530 0.470
113 113 (0) 6 : 0.718 0.282
114 114 (0) 6 : 0.697 0.303
115 115 (0) 6 : 0.946 0.054
116 116 (0) 6 : 0.302 0.698
117 117 (0) 7 : 0.051 0.949
118 118 (0) 7 : 0.051 0.949
119 119 (0) 7 : 0.054 0.946
120 120 (0) 7 : 0.180 0.820
121 121 (0) 7 : 0.203 0.797
122 122 (0) 7 : 0.130 0.870
123 123 (0) 7 : 0.075 0.925
124 124 (0) 7 : 0.123 0.877
125 125 (0) 7 : 0.124 0.876
126 126 (0) 7 : 0.136 0.864
127 127 (0) 7 : 0.097 0.903
128 128 (0) 7 : 0.256 0.744
129 129 (0) 7 : 0.640 0.360
130 130 (0) 7 : 0.744 0.256
131 131 (0) 7 : 0.058 0.942
132 132 (0) 7 : 0.366 0.634
133 133 (0) 7 : 0.154 0.846
134 134 (0) 7 : 0.611 0.389
135 135 (0) 7 : 0.165 0.835
136 136 (0) 7 : 0.083 0.917
137 137 (0) 7 : 0.199 0.801
138 138 (0) 7 : 0.158 0.842
139 139 (0) 7 : 0.836 0.164
140 140 (0) 7 : 0.558 0.442
141 141 (0) 7 : 0.500 0.500
142 142 (0) 7 : 0.129 0.871
143 143 (0) 8 : 0.776 0.224
144 144 (0) 8 : 0.681 0.319
145 145 (0) 8 : 0.772 0.228
146 146 (0) 8 : 0.705 0.295
147 147 (0) 8 : 0.827 0.173
148 148 (0) 8 : 0.952 0.048
149 149 (0) 8 : 0.768 0.232
150 150 (0) 8 : 0.475 0.525
151 151 (0) 8 : 0.949 0.051
152 152 (0) 8 : 0.784 0.216
153 153 (0) 8 : 0.848 0.152
154 154 (0) 8 : 0.739 0.261
155 155 (0) 8 : 0.554 0.446
156 156 (0) 8 : 0.588 0.412
157 157 (0) 8 : 0.840 0.160
158 158 (0) 8 : 0.855 0.145
159 159 (0) 8 : 0.767 0.233
160 160 (0) 8 : 0.418 0.582
161 161 (0) 8 : 0.923 0.077
162 162 (0) 8 : 0.628 0.372
163 163 (0) 8 : 0.073 0.927
164 164 (0) 8 : 0.918 0.082
165 165 (0) 8 : 0.925 0.075
166 166 (0) 8 : 0.887 0.113
167 167 (0) 8 : 0.807 0.193
168 168 (0) 8 : 0.834 0.166
169 169 (0) 8 : 0.789 0.211
170 170 (0) 8 : 0.942 0.058
171 171 (0) 8 : 0.911 0.089
1 1 (0) 1 : 0.741 0.259
2 2 (0) 1 : 0.716 0.284
3 3 (0) 1 : 0.367 0.633
4 4 (0) 1 : 0.901 0.099
5 5 (0) 1 : 0.955 0.045
6 6 (0) 1 : 0.785 0.215
7 7 (0) 1 : 0.953 0.047
8 8 (0) 1 : 0.978 0.022
9 9 (0) 1 : 0.951 0.049
10 10 (0) 1 : 0.917 0.083
11 11 (0) 1 : 0.800 0.200
12 12 (0) 1 : 0.432 0.568
13 13 (0) 1 : 0.768 0.232
14 14 (0) 1 : 0.211 0.789
15 15 (0) 1 : 0.960 0.040
16 16 (0) 1 : 0.927 0.073
17 17 (0) 1 : 0.917 0.083
18 18 (0) 1 : 0.935 0.065
19 19 (0) 1 : 0.962 0.038
20 20 (0) 1 : 0.808 0.192
21 21 (0) 1 : 0.907 0.093
22 22 (0) 2 : 0.642 0.358
23 23 (0) 2 : 0.100 0.900
24 24 (0) 2 : 0.719 0.281
25 25 (0) 2 : 0.040 0.960
26 26 (0) 2 : 0.406 0.594
27 27 (0) 2 : 0.758 0.242
28 28 (0) 2 : 0.159 0.841
29 29 (0) 2 : 0.083 0.917
30 30 (0) 2 : 0.808 0.192
31 31 (0) 2 : 0.830 0.170
32 32 (0) 2 : 0.804 0.196
33 33 (0) 2 : 0.946 0.054
34 34 (0) 2 : 0.049 0.951
35 35 (0) 2 : 0.262 0.738
36 36 (0) 2 : 0.954 0.046
37 37 (0) 2 : 0.352 0.648
38 38 (0) 2 : 0.844 0.156
39 39 (0) 2 : 0.897 0.103
40 40 (0) 2 : 0.925 0.075
41 41 (0) 2 : 0.615 0.385
42 42 (0) 2 : 0.950 0.050
43 43 (0) 2 : 0.315 0.685
44 44 (0) 2 : 0.411 0.589
45 45 (0) 2 : 0.943 0.057
46 46 (0) 2 : 0.864 0.136
47 47 (0) 3 : 0.779 0.221
48 48 (0) 3 : 0.865 0.135
49 49 (0) 3 : 0.153 0.847
50 50 (0) 3 : 0.941 0.059
51 51 (0) 3 : 0.925 0.075
52 52 (0) 3 : 0.952 0.048
53 53 (0) 3 : 0.888 0.112
54 54 (0) 3 : 0.310 0.690
55 55 (0) 3 : 0.890 0.110
56 56 (0) 3 : 0.824 0.176
57 57 (0) 3 : 0.966 0.034
58 58 (0) 3 : 0.845 0.155
59 59 (0) 3 : 0.865 0.135
60 60 (0) 3 : 0.888 0.112
61 61 (0) 3 : 0.971 0.029
62 62 (0) 3 : 0.957 0.043
63 63 (0) 3 : 0.818 0.182
64 64 (0) 3 : 0.444 0.556
65 65 (0) 3 : 0.846 0.154
66 66 (0) 3 : 0.955 0.045
67 67 (0) 3 : 0.931 0.069
68 68 (0) 4 : 0.049 0.951
69 69 (0) 4 : 0.391 0.609
70 70 (0) 4 : 0.061 0.939
71 71 (0) 4 : 0.062 0.938
72 72 (0) 4 : 0.053 0.947
73 73 (0) 4 : 0.207 0.793
74 74 (0) 4 : 0.098 0.902
75 75 (0) 4 : 0.091 0.909
76 76 (0) 4 : 0.101 0.899
77 77 (0) 4 : 0.050 0.950
78 78 (0) 4 : 0.137 0.863
79 79 (0) 4 : 0.091 0.909
80 80 (0) 4 : 0.050 0.950
81 81 (0) 4 : 0.040 0.960
82 82 (0) 4 : 0.142 0.858
83 83 (0) 4 : 0.043 0.957
84 84 (0) 4 : 0.051 0.949
85 85 (0) 4 : 0.045 0.955
86 86 (0) 4 : 0.075 0.925
87 87 (0) 4 : 0.066 0.934
88 88 (0) 4 : 0.042 0.958
89 89 (0) 4 : 0.044 0.956
90 90 (0) 4 : 0.044 0.956
91 91 (0) 4 : 0.068 0.932
92 92 (0) 4 : 0.022 0.978
93 93 (0) 5 : 0.956 0.044
94 94 (0) 5 : 0.060 0.940
95 95 (0) 5 : 0.892 0.108
96 96 (0) 5 : 0.958 0.042
97 97 (0) 5 : 0.863 0.137
98 98 (0) 5 : 0.859 0.141
99 99 (0) 6 : 0.285 0.715
100 100 (0) 6 : 0.919 0.081
101 101 (0) 6 : 0.163 0.837
102 102 (0) 6 : 0.851 0.149
103 103 (0) 6 : 0.085 0.915
104 104 (0) 6 : 0.063 0.937
105 105 (0) 6 : 0.403 0.597
106 106 (0) 6 : 0.775 0.225
107 107 (0) 6 : 0.034 0.966
108 108 (0) 6 : 0.028 0.972
109 109 (0) 6 : 0.055 0.945
110 110 (0) 6 : 0.932 0.068
111 111 (0) 6 : 0.337 0.663
112 112 (0) 6 : 0.421 0.579
113 113 (0) 6 : 0.289 0.711
114 114 (0) 6 : 0.361 0.639
115 115 (0) 6 : 0.057 0.943
116 116 (0) 6 : 0.801 0.199
117 117 (0) 7 : 0.967 0.033
118 118 (0) 7 : 0.965 0.035
119 119 (0) 7 : 0.963 0.037
120 120 (0) 7 : 0.864 0.136
121 121 (0) 7 : 0.846 0.154
122 122 (0) 7 : 0.871 0.129
123 123 (0) 7 : 0.950 0.050
124 124 (0) 7 : 0.911 0.089
125 125 (0) 7 : 0.943 0.057
126 126 (0) 7 : 0.894 0.106
127 127 (0) 7 : 0.931 0.069
128 128 (0) 7 : 0.830 0.170
129 129 (0) 7 : 0.310 0.690
130 130 (0) 7 : 0.193 0.807
131 131 (0) 7 : 0.956 0.044
132 132 (0) 7 : 0.675 0.325
133 133 (0) 7 : 0.924 0.076
134 134 (0) 7 : 0.473 0.527
135 135 (0) 7 : 0.833 0.167
136 136 (0) 7 : 0.944 0.056
137 137 (0) 7 : 0.894 0.106
138 138 (0) 7 : 0.928 0.072
139 139 (0) 7 : 0.112 0.888
140 140 (0) 7 : 0.467 0.533
141 141 (0) 7 : 0.482 0.518
142 142 (0) 7 : 0.890 0.110
143 143 (0) 8 : 0.192 0.808
144 144 (0) 8 : 0.419 0.581
145 145 (0) 8 : 0.194 0.806
146 146 (0) 8 : 0.366 0.634
147 147 (0) 8 : 0.164 0.836
148 148 (0) 8 : 0.036 0.964
149 149 (0) 8 : 0.229 0.771
150 150 (0) 8 : 0.521 0.479
151 151 (0) 8 : 0.042 0.958
152 152 (0) 8 : 0.221 0.779
153 153 (0) 8 : 0.129 0.871
154 154 (0) 8 : 0.229 0.771
155 155 (0) 8 : 0.524 0.476
156 156 (0) 8 : 0.371 0.629
157 157 (0) 8 : 0.170 0.830
158 158 (0) 8 : 0.096 0.904
159 159 (0) 8 : 0.180 0.820
160 160 (0) 8 : 0.661 0.339
161 161 (0) 8 : 0.052 0.948
162 162 (0) 8 : 0.324 0.676
163 163 (0) 8 : 0.959 0.041
164 164 (0) 8 : 0.069 0.931
165 165 (0) 8 : 0.047 0.953
166 166 (0) 8 : 0.155 0.845
167 167 (0) 8 : 0.169 0.831
168 168 (0) 8 : 0.184 0.816
169 169 (0) 8 : 0.202 0.798
170 170 (0) 8 : 0.045 0.955
171 171 (0) 8 : 0.080 0.920
1 1 (0) 1 : 0.294 0.706
2 2 (0) 1 : 0.307 0.693
3 3 (0) 1 : 0.690 0.310
4 4 (0) 1 : 0.118 0.882
5 5 (0) 1 : 0.035 0.965
6 6 (0) 1 : 0.194 0.806
7 7 (0) 1 : 0.037 0.963
8 8 (0) 1 : 0.018 0.982
9 9 (0) 1 : 0.044 0.956
10 10 (0) 1 : 0.067 0.933
11 11 (0) 1 : 0.152 0.848
12 12 (0) 1 : 0.587 0.413
13 13 (0) 1 : 0.191 0.809
14 14 (0) 1 : 0.775 0.225
15 15 (0) 1 : 0.040 0.960
16 16 (0) 1 : 0.043 0.957
17 17 (0) 1 : 0.075 0.925
18 18 (0) 1 : 0.053 0.947
19 19 (0) 1 : 0.049 0.951
20 20 (0) 1 : 0.215 0.785
21 21 (0) 1 : 0.088 0.912
22 22 (0) 2 : 0.379 0.621
23 23 (0) 2 : 0.899 0.101
24 24 (0) 2 : 0.191 0.809
25 25 (0) 2 : 0.966 0.034
26 26 (0) 2 : 0.588 0.412
27 27 (0) 2 : 0.148 0.852
28 28 (0) 2 : 0.870 0.130
29 29 (0) 2 : 0.925 0.075
30 30 (0) 2 : 0.135 0.865
31 31 (0) 2 : 0.184 0.816
32 32 (0) 2 : 0.177 0.823
33 33 (0) 2 : 0.072 0.928
34 34 (0) 2 : 0.952 0.048
35 35 (0) 2 : 0.830 0.170
36 36 (0) 2 : 0.039 0.961
37 37 (0) 2 : 0.663 0.337
38 38 (0) 2 : 0.126 0.874
39 39 (0) 2 : 0.091 0.909
40 40 (0) 2 : 0.112 0.888
41 41 (0) 2 : 0.354 0.646
42 42 (0) 2 : 0.061 0.939
43 43 (0) 2 : 0.596 0.404
44 44 (0) 2 : 0.557 0.443
45 45 (0) 2 : 0.056 0.944
46 46 (0) 2 : 0.107 0.893
47 47 (0) 3 : 0.204 0.796
48 48 (0) 3 : 0.140 0.860
49 49 (0) 3 : 0.897 0.103
50 50 (0) 3 : 0.049 0.951
51 51 (0) 3 : 0.044 0.956
52 52 (0) 3 : 0.055 0.945
53 53 (0) 3 : 0.085 0.915
54 54 (0) 3 : 0.675 0.325
55 55 (0) 3 : 0.114 0.886
56 56 (0) 3 : 0.197 0.803
57 57 (0) 3 : 0.034 0.966
58 58 (0) 3 : 0.188 0.812
59 59 (0) 3 : 0.116 0.884
60 60 (0) 3 : 0.129 0.871
61 61 (0) 3 : 0.031 0.969
62 62 (0) 3 : 0.036 0.964
63 63 (0) 3 : 0.173 0.827
64 64 (0) 3 : 0.484 0.516
65 65 (0) 3 : 0.158 0.842
66 66 (0) 3 : 0.045 0.955
67 67 (0) 3 : 0.051 0.949
68 68 (0) 4 : 0.951 0.049
69 69 (0) 4 : 0.597 0.403
70 70 (0) 4 : 0.960 0.040
71 71 (0) 4 : 0.954 0.046
72 72 (0) 4 : 0.958 0.042
73 73 (0) 4 : 0.830 0.170
74 74 (0) 4 : 0.937 0.063
75 75 (0) 4 : 0.917 0.083
76 76 (0) 4 : 0.924 0.076
77 77 (0) 4 : 0.961 0.039
78 78 (0) 4 : 0.886 0.114
79 79 (0) 4 : 0.932 0.068
80 80 (0) 4 : 0.956 0.044
81 81 (0) 4 : 0.968 0.032
82 82 (0) 4 : 0.868 0.132
83 83 (0) 4 : 0.956 0.044
84 84 (0) 4 : 0.955 0.045
85 85 (0) 4 : 0.964 0.036
86 86 (0) 4 : 0.931 0.069
87 87 (0) 4 : 0.942 0.058
88 88 (0) 4 : 0.953 0.047
89 89 (0) 4 : 0.962 0.038
90 90 (0) 4 : 0.974 0.026
91 91 (0) 4 : 0.937 0.063
92 92 (0) 4 : 0.977 0.023
93 93 (0) 5 : 0.035 0.965
94 94 (0) 5 : 0.895 0.105
95 95 (0) 5 : 0.088 0.912
96 96 (0) 5 : 0.034 0.966
97 97 (0) 5 : 0.128 0.872
98 98 (0) 5 : 0.126 0.874
99 99 (0) 6 : 0.681 0.319
100 100 (0) 6 : 0.075 0.925
101 101 (0) 6 : 0.793 0.207
102 102 (0) 6 : 0.114 0.886
103 103 (0) 6 : 0.915 0.085
104 104 (0) 6 : 0.941 0.059
105 105 (0) 6 : 0.554 0.446
106 106 (0) 6 : 0.142 0.858
107 107 (0) 6 : 0.974 0.026
108 108 (0) 6 : 0.973 0.027
109 109 (0) 6 : 0.947 0.053
110 110 (0) 6 : 0.063 0.937
111 111 (0) 6 : 0.599 0.401
112 112 (0) 6 : 0.439 0.561
113 113 (0) 6 : 0.719 0.281
114 114 (0) 6 : 0.603 0.397
115 115 (0) 6 : 0.962 0.038
116 116 (0) 6 : 0.229 0.771
117 117 (0) 7 : 0.034 0.966
118 118 (0) 7 : 0.035 0.965
119 119 (0) 7 : 0.042 0.958
120 120 (0) 7 : 0.102 0.898
121 121 (0) 7 : 0.156 0.844
122 122 (0) 7 : 0.088 0.912
123 123 (0) 7 : 0.056 0.944
124 124 (0) 7 : 0.079 0.921
125 125 (0) 7 : 0.051 0.949
126 126 (0) 7 : 0.075 0.925
127 127 (0) 7 : 0.065 0.935
128 128 (0) 7 : 0.184 0.816
129 129 (0) 7 : 0.515 0.485
130 130 (0) 7 : 0.784 0.216
131 131 (0) 7 : 0.047 0.953
132 132 (0) 7 : 0.450 0.550
133 133 (0) 7 : 0.069 0.931
134 134 (0) 7 : 0.597 0.403
135 135 (0) 7 : 0.151 0.849
136 136 (0) 7 : 0.056 0.944
137 137 (0) 7 : 0.073 0.927
138 138 (0) 7 : 0.054 0.946
139 139 (0) 7 : 0.855 0.145
140 140 (0) 7 : 0.479 0.521
141 141 (0) 7 : 0.490 0.510
142 142 (0) 7 : 0.111 0.889
143 143 (0) 8 : 0.777 0.223
144 144 (0) 8 : 0.659 0.341
145 145 (0) 8 : 0.797 0.203
146 146 (0) 8 : 0.698 0.302
147 147 (0) 8 : 0.751 0.249
148 148 (0) 8 : 0.974 0.026
149 149 (0) 8 : 0.752 0.248
150 150 (0) 8 : 0.434 0.566
151 151 (0) 8 : 0.966 0.034
152 152 (0) 8 : 0.828 0.172
153 153 (0) 8 : 0.861 0.139
154 154 (0) 8 : 0.752 0.248
155 155 (0) 8 : 0.521 0.479
156 156 (0) 8 : 0.646 0.354
157 157 (0) 8 : 0.877 0.123
158 158 (0) 8 : 0.885 0.115
159 159 (0) 8 : 0.749 0.251
160 160 (0) 8 : 0.270 0.730
161 161 (0) 8 : 0.947 0.053
162 162 (0) 8 : 0.622 0.378
163 163 (0) 8 : 0.036 0.964
164 164 (0) 8 : 0.945 0.055
165 165 (0) 8 : 0.964 0.036
166 166 (0) 8 : 0.905 0.095
167 167 (0) 8 : 0.841 0.159
168 168 (0) 8 : 0.788 0.212
169 169 (0) 8 : 0.843 0.157
170 170 (0) 8 : 0.962 0.038
171 171 (0) 8 : 0.921 0.079
1 1 (0) 1 : 0.309 0.691
2 2 (0) 1 : 0.278 0.722
3 3 (0) 1 : 0.671 0.329
4 4 (0) 1 : 0.070 0.930
5 5 (0) 1 : 0.030 0.970
6 6 (0) 1 : 0.199 0.801
7 7 (0) 1 : 0.034 0.966
8 8 (0) 1 : 0.017 0.983
9 9 (0) 1 : 0.040 0.960
10 10 (0) 1 : 0.077 0.923
11 11 (0) 1 : 0.186 0.814
12 12 (0) 1 : 0.642 0.358
13 13 (0) 1 : 0.170 0.830
14 14 (0) 1 : 0.825 0.175
15 15 (0) 1 : 0.032 0.968
16 16 (0) 1 : 0.059 0.941
17 17 (0) 1 : 0.060 0.940
18 18 (0) 1 : 0.051 0.949
19 19 (0) 1 : 0.035 0.965
20 20 (0) 1 : 0.185 0.815
21 21 (0) 1 : 0.075 0.925
22 22 (0) 2 : 0.372 0.628
23 23 (0) 2 : 0.902 0.098
24 24 (0) 2 : 0.201 0.799
25 25 (0) 2 : 0.960 0.040
26 26 (0) 2 : 0.482 0.518
27 27 (0) 2 : 0.157 0.843
28 28 (0) 2 : 0.893 0.107
29 29 (0) 2 : 0.919 0.081
30 30 (0) 2 : 0.133 0.867
31 31 (0) 2 : 0.138 0.862
32 32 (0) 2 : 0.150 0.850
33 33 (0) 2 : 0.039 0.961
34 34 (0) 2 : 0.947 0.053
35 35 (0) 2 : 0.801 0.199
36 36 (0) 2 : 0.030 0.970
37 37 (0) 2 : 0.634 0.366
38 38 (0) 2 : 0.114 0.886
39 39 (0) 2 : 0.056 0.944
40 40 (0) 2 : 0.066 0.934
41 41 (0) 2 : 0.334 0.666
42 42 (0) 2 : 0.041 0.959
43 43 (0) 2 : 0.603 0.397
44 44 (0) 2 : 0.559 0.441
45 45 (0) 2 : 0.032 0.968
46 46 (0) 2 : 0.108 0.892
47 47 (0) 3 : 0.184 0.816
48 48 (0) 3 : 0.105 0.895
49 49 (0) 3 : 0.899 0.101
50 50 (0) 3 : 0.047 0.953
51 51 (0) 3 : 0.043 0.957
52 52 (0) 3 : 0.047 0.953
53 53 (0) 3 : 0.076 0.924
54 54 (0) 3 : 0.604 0.396
55 55 (0) 3 : 0.104 0.896
56 56 (0) 3 : 0.203 0.797
57 57 (0) 3 : 0.037 0.963
58 58 (0) 3 : 0.173 0.827
59 59 (0) 3 : 0.113 0.887
60 60 (0) 3 : 0.103 0.897
61 61 (0) 3 : 0.028 0.972
62 62 (0) 3 : 0.031 0.969
63 63 (0) 3 : 0.158 0.842
64 64 (0) 3 : 0.513 0.487
65 65 (0) 3 : 0.119 0.881
66 66 (0) 3 : 0.042 0.958
67 67 (0) 3 : 0.056 0.944
68 68 (0) 4 : 0.960 0.040
69 69 (0) 4 : 0.538 0.462
70 70 (0) 4 : 0.959 0.041
71 71 (0) 4 : 0.958 0.042
72 72 (0) 4 : 0.953 0.047
73 73 (0) 4 : 0.853 0.147
74 74 (0) 4 : 0.935 0.065
75 75 (0) 4 : 0.911 0.089
76 76 (0) 4 : 0.928 0.072
77 77 (0) 4 : 0.958 0.042
78 78 (0) 4 : 0.909 0.091
79 79 (0) 4 : 0.926 0.074
80 80 (0) 4 : 0.953 0.047
81 81 (0) 4 : 0.971 0.029
82 82 (0) 4 : 0.862 0.138
83 83 (0) 4 : 0.961 0.039
84 84 (0) 4 : 0.968 0.032
85 85 (0) 4 : 0.963 0.037
86 86 (0) 4 : 0.856 0.144
87 87 (0) 4 : 0.933 0.067
88 88 (0) 4 : 0.963 0.037
89 89 (0) 4 : 0.962 0.038
90 90 (0) 4 : 0.978 0.022
91 91 (0) 4 : 0.949 0.051
92 92 (0) 4 : 0.982 0.018
93 93 (0) 5 : 0.027 0.973
94 94 (0) 5 : 0.924 0.076
95 95 (0) 5 : 0.081 0.919
96 96 (0) 5 : 0.024 0.976
97 97 (0) 5 : 0.113 0.887
98 98 (0) 5 : 0.132 0.868
99 99 (0) 6 : 0.737 0.263
100 100 (0) 6 : 0.083 0.917
101 101 (0) 6 : 0.835 0.165
102 102 (0) 6 : 0.104 0.896
103 103 (0) 6 : 0.917 0.083
104 104 (0) 6 : 0.941 0.059
105 105 (0) 6 : 0.620 0.380
106 106 (0) 6 : 0.192 0.808
107 107 (0) 6 : 0.968 0.032
108 108 (0) 6 : 0.981 0.019
109 109 (0) 6 : 0.946 0.054
110 110 (0) 6 : 0.065 0.935
111 111 (0) 6 : 0.585 0.415
112 112 (0) 6 : 0.503 0.497
113 113 (0) 6 : 0.784 0.216
114 114 (0) 6 : 0.714 0.286
115 115 (0) 6 : 0.969 0.031
116 116 (0) 6 : 0.249 0.751
117 117 (0) 7 : 0.028 0.972
118 118 (0) 7 : 0.033 0.967
119 119 (0) 7 : 0.030 0.970
120 120 (0) 7 : 0.128 0.872
121 121 (0) 7 : 0.150 0.850
122 122 (0) 7 : 0.108 0.892
123 123 (0) 7 : 0.056 0.944
124 124 (0) 7 : 0.080 0.920
125 125 (0) 7 : 0.053 0.947
126 126 (0) 7 : 0.094 0.906
127 127 (0) 7 : 0.054 0.946
128 128 (0) 7 : 0.168 0.832
129 129 (0) 7 : 0.603 0.397
130 130 (0) 7 : 0.786 0.214
131 131 (0) 7 : 0.038 0.962
132 132 (0) 7 : 0.381 0.619
133 133 (0) 7 : 0.082 0.918
134 134 (0) 7 : 0.604 0.396
135 135 (0) 7 : 0.157 0.843
136 136 (0) 7 : 0.058 0.942
137 137 (0) 7 : 0.088 0.912
138 138 (0) 7 : 0.054 0.946
139 139 (0) 7 : 0.836 0.164
140 140 (0) 7 : 0.485 0.515
141 141 (0) 7 : 0.506 0.494
142 142 (0) 7 : 0.075 0.925
143 143 (0) 8 : 0.735 0.265
144 144 (0) 8 : 0.652 0.348
145 145 (0) 8 : 0.767 0.233
146 146 (0) 8 : 0.729 0.271
147 147 (0) 8 : 0.807 0.193
148 148 (0) 8 : 0.975 0.025
149 149 (0) 8 : 0.751 0.249
150 150 (0) 8 : 0.404 0.596
151 151 (0) 8 : 0.966 0.034
152 152 (0) 8 : 0.842 0.158
153 153 (0) 8 : 0.881 0.119
154 154 (0) 8 : 0.753 0.247
155 155 (0) 8 : 0.444 0.556
156 156 (0) 8 : 0.611 0.389
157 157 (0) 8 : 0.854 0.146
158 158 (0) 8 : 0.864 0.136
159 159 (0) 8 : 0.798 0.202
160 160 (0) 8 : 0.299 0.701
161 161 (0) 8 : 0.945 0.055
162 162 (0) 8 : 0.609 0.391
163 163 (0) 8 : 0.034 0.966
164 164 (0) 8 : 0.942 0.058
165 165 (0) 8 : 0.959 0.041
166 166 (0) 8 : 0.878 0.122
167 167 (0) 8 : 0.851 0.149
168 168 (0) 8 : 0.822 0.178
169 169 (0) 8 : 0.876 0.124
170 170 (0) 8 : 0.956 0.044
171 171 (0) 8 : 0.920 0.080
1 1 (0) 1 : 0.761 0.239
2 2 (0) 1 : 0.760 0.240
3 3 (0) 1 : 0.338 0.662
4 4 (0) 1 : 0.902 0.098
5 5 (0) 1 : 0.957 0.043
6 6 (0) 1 : 0.770 0.230
7 7 (0) 1 : 0.954 0.046
8 8 (0) 1 : 0.979 0.021
9 9 (0) 1 : 0.948 0.052
10 10 (0) 1 : 0.928 0.072
11 11 (0) 1 : 0.733 0.267
12 12 (0) 1 : 0.399 0.601
13 13 (0) 1 : 0.816 0.184
14 14 (0) 1 : 0.253 0.747
15 15 (0) 1 : 0.957 0.043
16 16 (0) 1 : 0.947 0.053
17 17 (0) 1 : 0.907 0.093
18 18 (0) 1 : 0.936 0.064
19 19 (0) 1 : 0.953 0.047
20 20 (0) 1 : 0.820 0.180
21 21 (0) 1 : 0.912 0.088
22 22 (0) 2 : 0.590 0.410
23 23 (0) 2 : 0.098 0.902
24 24 (0) 2 : 0.545 0.455
25 25 (0) 2 : 0.039 0.961
26 26 (0) 2 : 0.406 0.594
27 27 (0) 2 : 0.806 0.194
28 28 (0) 2 : 0.161 0.839
29 29 (0) 2 : 0.080 0.920
30 30 (0) 2 : 0.876 0.124
31 31 (0) 2 : 0.775 0.225
32 32 (0) 2 : 0.803 0.197
33 33 (0) 2 : 0.930 0.070
34 34 (0) 2 : 0.040 0.960
35 35 (0) 2 : 0.287 0.713
36 36 (0) 2 : 0.954 0.046
37 37 (0) 2 : 0.428 0.572
38 38 (0) 2 : 0.817 0.183
39 39 (0) 2 : 0.903 0.097
40 40 (0) 2 : 0.879 0.121
41 41 (0) 2 : 0.747 0.253
42 42 (0) 2 : 0.948 0.052
43 43 (0) 2 : 0.270 0.730
44 44 (0) 2 : 0.384 0.616
45 45 (0) 2 : 0.921 0.079
46 46 (0) 2 : 0.775 0.225
47 47 (0) 3 : 0.688 0.312
48 48 (0) 3 : 0.860 0.140
49 49 (0) 3 : 0.171 0.829
50 50 (0) 3 : 0.952 0.048
51 51 (0) 3 : 0.933 0.067
52 52 (0) 3 : 0.954 0.046
53 53 (0) 3 : 0.905 0.095
54 54 (0) 3 : 0.268 0.732
55 55 (0) 3 : 0.888 0.112
56 56 (0) 3 : 0.843 0.157
57 57 (0) 3 : 0.962 0.038
58 58 (0) 3 : 0.828 0.172
59 59 (0) 3 : 0.836 0.164
60 60 (0) 3 : 0.896 0.104
61 61 (0) 3 : 0.955 0.045
62 62 (0) 3 : 0.955 0.045
63 63 (0) 3 : 0.824 0.176
64 64 (0) 3 : 0.416 0.584
65 65 (0) 3 : 0.833 0.167
66 66 (0) 3 : 0.959 0.041
67 67 (0) 3 : 0.940 0.060
68 68 (0) 4 : 0.047 0.953
69 69 (0) 4 : 0.387 0.613
70 70 (0) 4 : 0.043 0.957
71 71 (0) 4 : 0.058 0.942
72 72 (0) 4 : 0.064 0.936
73 73 (0) 4 : 0.232 0.768
74 74 (0) 4 : 0.095 0.905
75 75 (0) 4 : 0.107 0.893
76 76 (0) 4 : 0.132 0.868
77 77 (0) 4 : 0.050 0.950
78 78 (0) 4 : 0.161 0.839
79 79 (0) 4 : 0.092 0.908
80 80 (0) 4 : 0.046 0.954
81 81 (0) 4 : 0.032 0.968
82 82 (0) 4 : 0.156 0.844
83 83 (0) 4 : 0.043 0.957
84 84 (0) 4 : 0.044 0.956
85 85 (0) 4 : 0.054 0.946
86 86 (0) 4 : 0.117 0.883
87 87 (0) 4 : 0.066 0.934
88 88 (0) 4 : 0.046 0.954
89 89 (0) 4 : 0.044 0.956
90 90 (0) 4 : 0.032 0.968
91 91 (0) 4 : 0.063 0.937
92 92 (0) 4 : 0.022 0.978
93 93 (0) 5 : 0.954 0.046
94 94 (0) 5 : 0.047 0.953
95 95 (0) 5 : 0.870 0.130
96 96 (0) 5 : 0.968 0.032
97 97 (0) 5 : 0.847 0.153
98 98 (0) 5 : 0.821 0.179
99 99 (0) 6 : 0.264 0.736
100 100 (0) 6 : 0.911 0.089
101 101 (0) 6 : 0.235 0.765
102 102 (0) 6 : 0.881 0.119
103 103 (0) 6 : 0.081 0.919
104 104 (0) 6 : 0.068 0.932
105 105 (0) 6 : 0.378 0.622
106 106 (0) 6 : 0.835 0.165
107 107 (0) 6 : 0.031 0.969
108 108 (0) 6 : 0.023 0.977
109 109 (0) 6 : 0.054 0.946
110 110 (0) 6 : 0.947 0.053
111 111 (0) 6 : 0.325 0.675
112 112 (0) 6 : 0.470 0.530
113 113 (0) 6 : 0.221 0.779
114 114 (0) 6 : 0.298 0.702
115 115 (0) 6 : 0.041 0.959
116 116 (0) 6 : 0.736 0.264
117 117 (0) 7 : 0.968 0.032
118 118 (0) 7 : 0.972 0.028
119 119 (0) 7 : 0.959 0.041
120 120 (0) 7 : 0.879 0.121
121 121 (0) 7 : 0.833 0.167
122 122 (0) 7 : 0.898 0.102
123 123 (0) 7 : 0.949 0.051
124 124 (0) 7 : 0.925 0.075
125 125 (0) 7 : 0.939 0.061
126 126 (0) 7 : 0.894 0.106
127 127 (0) 7 : 0.929 0.071
128 128 (0) 7 : 0.810 0.190
129 129 (0) 7 : 0.232 0.768
130 130 (0) 7 : 0.230 0.770
131 131 (0) 7 : 0.954 0.046
132 132 (0) 7 : 0.598 0.402
133 133 (0) 7 : 0.917 0.083
134 134 (0) 7 : 0.469 0.531
135 135 (0) 7 : 0.862 0.138
136 136 (0) 7 : 0.935 0.065
137 137 (0) 7 : 0.800 0.200
138 138 (0) 7 : 0.926 0.074
139 139 (0) 7 : 0.123 0.877
140 140 (0) 7 : 0.390 0.610
141 141 (0) 7 : 0.540 0.460
142 142 (0) 7 : 0.875 0.125
143 143 (0) 8 : 0.124 0.876
144 144 (0) 8 : 0.280 0.720
145 145 (0) 8 : 0.223 0.777
146 146 (0) 8 : 0.258 0.742
147 147 (0) 8 : 0.089 0.911
148 148 (0) 8 : 0.034 0.966
149 149 (0) 8 : 0.171 0.829
150 150 (0) 8 : 0.543 0.457
151 151 (0) 8 : 0.032 0.968
152 152 (0) 8 : 0.228 0.772
153 153 (0) 8 : 0.111 0.889
154 154 (0) 8 : 0.245 0.755
155 155 (0) 8 : 0.420 0.580
156 156 (0) 8 : 0.414 0.586
157 157 (0) 8 : 0.176 0.824
158 158 (0) 8 : 0.076 0.924
159 159 (0) 8 : 0.133 0.867
160 160 (0) 8 : 0.602 0.398
161 161 (0) 8 : 0.058 0.942
162 162 (0) 8 : 0.437 0.563
163 163 (0) 8 : 0.959 0.041
164 164 (0) 8 : 0.068 0.932
165 165 (0) 8 : 0.053 0.947
166 166 (0) 8 : 0.079 0.921
167 167 (0) 8 : 0.172 0.828
168 168 (0) 8 : 0.135 0.865
169 169 (0) 8 : 0.136 0.864
170 170 (0) 8 : 0.043 0.957
171 171 (0) 8 : 0.100 0.900
1 1 (0) 1 : 0.328 0.672
2 2 (0) 1 : 0.283 0.717
3 3 (0) 1 : 0.667 0.333
4 4 (0) 1 : 0.133 0.867
5 5 (0) 1 : 0.050 0.950
6 6 (0) 1 : 0.186 0.814
7 7 (0) 1 : 0.048 0.952
8 8 (0) 1 : 0.027 0.973
9 9 (0) 1 : 0.059 0.941
10 10 (0) 1 : 0.105 0.895
11 11 (0) 1 : 0.218 0.782
12 12 (0) 1 : 0.608 0.392
13 13 (0) 1 : 0.222 0.778
14 14 (0) 1 : 0.785 0.215
15 15 (0) 1 : 0.049 0.951
16 16 (0) 1 : 0.082 0.918
17 17 (0) 1 : 0.096 0.904
18 18 (0) 1 : 0.080 0.920
19 19 (0) 1 : 0.045 0.955
20 20 (0) 1 : 0.193 0.807
21 21 (0) 1 : 0.099 0.901
22 22 (0) 2 : 0.392 0.608
23 23 (0) 2 : 0.874 0.126
24 24 (0) 2 : 0.272 0.728
25 25 (0) 2 : 0.957 0.043
26 26 (0) 2 : 0.511 0.489
27 27 (0) 2 : 0.197 0.803
28 28 (0) 2 : 0.858 0.142
29 29 (0) 2 : 0.915 0.085
30 30 (0) 2 : 0.149 0.851
31 31 (0) 2 : 0.175 0.825
32 32 (0) 2 : 0.182 0.818
33 33 (0) 2 : 0.066 0.934
34 34 (0) 2 : 0.943 0.057
35 35 (0) 2 : 0.771 0.229
36 36 (0) 2 : 0.057 0.943
37 37 (0) 2 : 0.610 0.390
38 38 (0) 2 : 0.134 0.866
39 39 (0) 2 : 0.092 0.908
40 40 (0) 2 : 0.110 0.890
41 41 (0) 2 : 0.361 0.639
42 42 (0) 2 : 0.066 0.934
43 43 (0) 2 : 0.612 0.388
44 44 (0) 2 : 0.561 0.439
45 45 (0) 2 : 0.054 0.946
46 46 (0) 2 : 0.180 0.820
47 47 (0) 3 : 0.217 0.783
48 48 (0) 3 : 0.131 0.869
49 49 (0) 3 : 0.863 0.137
50 50 (0) 3 : 0.066 0.934
51 51 (0) 3 : 0.069 0.931
52 52 (0) 3 : 0.064 0.936
53 53 (0) 3 : 0.132 0.868
54 54 (0) 3 : 0.627 0.373
55 55 (0) 3 : 0.138 0.862
56 56 (0) 3 : 0.215 0.785
57 57 (0) 3 : 0.053 0.947
58 58 (0) 3 : 0.159 0.841
59 59 (0) 3 : 0.153 0.847
60 60 (0) 3 : 0.129 0.871
61 61 (0) 3 : 0.045 0.955
62 62 (0) 3 : 0.047 0.953
63 63 (0) 3 : 0.175 0.825
64 64 (0) 3 : 0.507 0.493
65 65 (0) 3 : 0.145 0.855
66 66 (0) 3 : 0.058 0.942
67 67 (0) 3 : 0.080 0.920
68 68 (0) 4 : 0.939 0.061
69 69 (0) 4 : 0.588 0.412
70 70 (0) 4 : 0.940 0.060
71 71 (0) 4 : 0.940 0.060
72 72 (0) 4 : 0.936 0.064
73 73 (0) 4 : 0.828 0.172
74 74 (0) 4 : 0.915 0.085
75 75 (0) 4 : 0.882 0.118
76 76 (0) 4 : 0.879 0.121
77 77 (0) 4 : 0.940 0.060
78 78 (0) 4 : 0.860 0.140
79 79 (0) 4 : 0.889 0.111
80 80 (0) 4 : 0.936 0.064
81 81 (0) 4 : 0.961 0.039
82 82 (0) 4 : 0.861 0.139
83 83 (0) 4 : 0.939 0.061
84 84 (0) 4 : 0.949 0.051
85 85 (0) 4 : 0.962 0.038
86 86 (0) 4 : 0.886 0.114
87 87 (0) 4 : 0.921 0.079
88 88 (0) 4 : 0.947 0.053
89 89 (0) 4 : 0.949 0.051
90 90 (0) 4 : 0.958 0.042
91 91 (0) 4 : 0.918 0.082
92 92 (0) 4 : 0.974 0.026
93 93 (0) 5 : 0.048 0.952
94 94 (0) 5 : 0.937 0.063
95 95 (0) 5 : 0.127 0.873
96 96 (0) 5 : 0.041 0.959
97 97 (0) 5 : 0.141 0.859
98 98 (0) 5 : 0.150 0.850
99 99 (0) 6 : 0.734 0.266
100 100 (0) 6 : 0.101 0.899
101 101 (0) 6 : 0.819 0.181
102 102 (0) 6 : 0.163 0.837
103 103 (0) 6 : 0.913 0.087
104 104 (0) 6 : 0.920 0.080
105 105 (0) 6 : 0.553 0.447
106 106 (0) 6 : 0.193 0.807
107 107 (0) 6 : 0.966 0.034
108 108 (0) 6 : 0.966 0.034
109 109 (0) 6 : 0.937 0.063
110 110 (0) 6 : 0.053 0.947
111 111 (0) 6 : 0.609 0.391
112 112 (0) 6 : 0.509 0.491
113 113 (0) 6 : 0.680 0.320
114 114 (0) 6 : 0.630 0.370
115 115 (0) 6 : 0.949 0.051
116 116 (0) 6 : 0.285 0.715
117 117 (0) 7 : 0.044 0.956
118 118 (0) 7 : 0.043 0.957
119 119 (0) 7 : 0.046 0.954
120 120 (0) 7 : 0.141 0.859
121 121 (0) 7 : 0.197 0.803
122 122 (0) 7 : 0.126 0.874
123 123 (0) 7 : 0.068 0.932
124 124 (0) 7 : 0.109 0.891
125 125 (0) 7 : 0.087 0.913
126 126 (0) 7 : 0.115 0.885
127 127 (0) 7 : 0.071 0.929
128 128 (0) 7 : 0.207 0.793
129 129 (0) 7 : 0.534 0.466
130 130 (0) 7 : 0.780 0.220
131 131 (0) 7 : 0.057 0.943
132 132 (0) 7 : 0.370 0.630
133 133 (0) 7 : 0.110 0.890
134 134 (0) 7 : 0.622 0.378
135 135 (0) 7 : 0.188 0.812
136 136 (0) 7 : 0.079 0.921
137 137 (0) 7 : 0.116 0.884
138 138 (0) 7 : 0.097 0.903
139 139 (0) 7 : 0.836 0.164
140 140 (0) 7 : 0.536 0.464
141 141 (0) 7 : 0.544 0.456
142 142 (0) 7 : 0.116 0.884
143 143 (0) 8 : 0.765 0.235
144 144 (0) 8 : 0.581 0.419
145 145 (0) 8 : 0.699 0.301
146 146 (0) 8 : 0.615 0.385
147 147 (0) 8 : 0.771 0.229
148 148 (0) 8 : 0.962 0.038
149 149 (0) 8 : 0.747 0.253
150 150 (0) 8 : 0.423 0.577
151 151 (0) 8 : 0.954 0.046
152 152 (0) 8 : 0.763 0.237
153 153 (0) 8 : 0.875 0.125
154 154 (0) 8 : 0.745 0.255
155 155 (0) 8 : 0.511 0.489
156 156 (0) 8 : 0.606 0.394
157 157 (0) 8 : 0.834 0.166
158 158 (0) 8 : 0.861 0.139
159 159 (0) 8 : 0.779 0.221
160 160 (0) 8 : 0.360 0.640
161 161 (0) 8 : 0.916 0.084
162 162 (0) 8 : 0.668 0.332
163 163 (0) 8 : 0.047 0.953
164 164 (0) 8 : 0.930 0.070
165 165 (0) 8 : 0.938 0.062
166 166 (0) 8 : 0.828 0.172
167 167 (0) 8 : 0.788 0.212
168 168 (0) 8 : 0.819 0.181
169 169 (0) 8 : 0.847 0.153
170 170 (0) 8 : 0.939 0.061
171 171 (0) 8 : 0.890 0.110
