-------------------------------------------------------------------------------
 L       Percentage of nodes in the largest component
 D       Percentage of nodes in components of size at most 3 [-div option]
 R       Percentage of nodes not in L or D: 100 - L -D
 S       Percentage of nodes that are singletons
 E       Fraction of edges retained (input graph has 56)
 cce     Expected size of component, nodewise [ sum(sz^2) / sum^2(sz) ]
 EW      Edge weight traits (mean, median and IQR)
 ND      Node degree traits [mean, median and IQR]
 CCF     Clustering coefficient (scale 1-100)
 eff     Induced component efficiency relative to start graph (scale 1-1000)
Total number of nodes: 8
----------------------------------------------------------------------------------------------
  L   D   R   S     E     cce  EWmean   EWmed   EWiqr  NDmean   NDmed  NDiqr CCF  eff  Cutoff 
----------------------------------------------------------------------------------------------
100   0   0   0 1.000       8    0.96    0.96    0.01     7.0     7.5    0.5   -    -     0.50
100   0   0   0 1.000       8    0.96    0.96    0.01     7.0     7.5    0.5   -    -     0.51
100   0   0   0 1.000       8    0.96    0.96    0.01     7.0     7.5    0.5   -    -     0.52
100   0   0   0 1.000       8    0.96    0.96    0.01     7.0     7.5    0.5   -    -     0.53
100   0   0   0 1.000       8    0.96    0.96    0.01     7.0     7.5    0.5   -    -     0.54
100   0   0   0 1.000       8    0.96    0.96    0.01     7.0     7.5    0.5   -    -     0.55
100   0   0   0 1.000       8    0.96    0.96    0.01     7.0     7.5    0.5   -    -     0.56
100   0   0   0 1.000       8    0.96    0.96    0.01     7.0     7.5    0.5   -    -     0.57
100   0   0   0 1.000       8    0.96    0.96    0.01     7.0     7.5    0.5   -    -     0.58
100   0   0   0 1.000       8    0.96    0.96    0.01     7.0     7.5    0.5   -    -     0.59
100   0   0   0 1.000       8    0.96    0.96    0.01     7.0     7.5    0.5   -    -     0.60
100   0   0   0 1.000       8    0.96    0.96    0.01     7.0     7.5    0.5   -    -     0.61
100   0   0   0 1.000       8    0.96    0.96    0.01     7.0     7.5    0.5   -    -     0.62
100   0   0   0 1.000       8    0.96    0.96    0.01     7.0     7.5    0.5   -    -     0.63
100   0   0   0 1.000       8    0.96    0.96    0.01     7.0     7.5    0.5   -    -     0.64
100   0   0   0 1.000       8    0.96    0.96    0.01     7.0     7.5    0.5   -    -     0.65
100   0   0   0 1.000       8    0.96    0.96    0.01     7.0     7.5    0.5   -    -     0.66
100   0   0   0 1.000       8    0.96    0.96    0.01     7.0     7.5    0.5   -    -     0.67
100   0   0   0 1.000       8    0.96    0.96    0.01     7.0     7.5    0.5   -    -     0.68
100   0   0   0 1.000       8    0.96    0.96    0.01     7.0     7.5    0.5   -    -     0.69
100   0   0   0 1.000       8    0.96    0.96    0.01     7.0     7.5    0.5   -    -     0.70
100   0   0   0 1.000       8    0.96    0.96    0.01     7.0     7.5    0.5   -    -     0.71
100   0   0   0 1.000       8    0.96    0.96    0.01     7.0     7.5    0.5   -    -     0.72
100   0   0   0 1.000       8    0.96    0.96    0.01     7.0     7.5    0.5   -    -     0.73
100   0   0   0 1.000       8    0.96    0.96    0.01     7.0     7.5    0.5   -    -     0.74
100   0   0   0 1.000       8    0.96    0.96    0.01     7.0     7.5    0.5   -    -     0.75
100   0   0   0 1.000       8    0.96    0.96    0.01     7.0     7.5    0.5   -    -     0.76
100   0   0   0 1.000       8    0.96    0.96    0.01     7.0     7.5    0.5   -    -     0.77
100   0   0   0 1.000       8    0.96    0.96    0.01     7.0     7.5    0.5   -    -     0.78
100   0   0   0 1.000       8    0.96    0.96    0.01     7.0     7.5    0.5   -    -     0.79
100   0   0   0 1.000       8    0.96    0.96    0.01     7.0     7.5    0.5   -    -     0.80
100   0   0   0 1.000       8    0.96    0.96    0.01     7.0     7.5    0.5   -    -     0.81
100   0   0   0 1.000       8    0.96    0.96    0.01     7.0     7.5    0.5   -    -     0.82
100   0   0   0 1.000       8    0.96    0.96    0.01     7.0     7.5    0.5   -    -     0.83
100   0   0   0 1.000       8    0.96    0.96    0.01     7.0     7.5    0.5   -    -     0.84
100   0   0   0 1.000       8    0.96    0.96    0.01     7.0     7.5    0.5   -    -     0.85
100   0   0   0 1.000       8    0.96    0.96    0.01     7.0     7.5    0.5   -    -     0.86
100   0   0   0 1.000       8    0.96    0.96    0.01     7.0     7.5    0.5   -    -     0.87
100   0   0   0 1.000       8    0.96    0.96    0.01     7.0     7.5    0.5   -    -     0.88
100   0   0   0 1.000       8    0.96    0.96    0.01     7.0     7.5    0.5   -    -     0.89
100   0   0   0 1.000       8    0.96    0.96    0.01     7.0     7.5    0.5   -    -     0.90
100   0   0   0 1.000       8    0.96    0.96    0.01     7.0     7.5    0.5   -    -     0.91
100   0   0   0 1.000       8    0.96    0.96    0.01     7.0     7.5    0.5   -    -     0.92
100   0   0   0 1.000       8    0.96    0.96    0.01     7.0     7.5    0.5   -    -     0.93
100   0   0   0 1.000       8    0.96    0.96    0.01     7.0     7.5    0.5   -    -     0.94
100   0   0   0 0.821       8    0.96    0.97    0.01     5.8     5.5    2.5   -    -     0.95
100   0   0   0 0.643       8    0.97    0.97    0.01     4.5     5.5    0.5   -    -     0.96
  0 100   0  38 0.143       2    0.97    0.97    0.00     1.0     1.5    2.5   -    -     0.97
  0 100   0 100 0.000       1    0.00    0.00    0.00     0.0     0.5    0.5   -    -     0.98
  0 100   0 100 0.000       1    0.00    0.00    0.00     0.0     0.5    0.5   -    -     0.99
---------------------------------------------------------------------------------------------
